1739507246.2448826 1739507246.2458165
1739507246.2782161 1739507246.2790937
1739507246.311657 1739507246.2790937
1739507246.3448765 1739507246.312605
1739507246.3782241 1739507246.3457513
1739507246.4115834 1739507246.3791335
1739507246.4448771 1739507246.4458954
1739507246.4783387 1739507246.4458954
1739507246.5117037 1739507246.479226
1739507246.5451353 1739507246.5126112
1739507246.5784435 1739507246.5461068
1739507246.6117797 1739507246.579292
1739507246.6450691 1739507246.612729
1739507246.6784592 1739507246.6458974
1739507246.7118833 1739507246.6793325
1739507246.7452798 1739507246.712738
1739507246.778547 1739507246.7460825
1739507246.811855 1739507246.7795367
1739507246.8453355 1739507246.812739
1739507246.8786652 1739507246.879427
1739507246.9119194 1739507246.879427
1739507246.945337 1739507246.9129884
1739507246.978686 1739507246.9794264
1739507247.0121274 1739507247.0130064
1739507247.0452406 1739507247.0130064
1739507247.0787222 1739507247.0462625
1739507247.1120303 1739507247.1128776
1739507247.1454399 1739507247.1464067
1739507247.1788726 1739507247.1464067
1739507247.2122006 1739507247.212976
1739507247.2453387 1739507247.212976
1739507247.2789567 1739507247.2798984
1739507247.3120897 1739507247.2798984
1739507247.3454225 1739507247.3130474
1739507247.3787231 1739507247.3466046
1739507247.41221 1739507247.3797224
1739507247.4455411 1739507247.446386
1739507247.4789095 1739507247.479907
1739507247.5120666 1739507247.513219
1739507247.5456815 1739507247.513219
1739507247.5789442 1739507247.579832
1739507247.612152 1739507247.579832
1739507247.6455235 1739507247.6464522
1739507247.6789513 1739507247.6464522
1739507247.7123332 1739507247.7132218
1739507247.7456617 1739507247.7132218
1739507247.7790244 1739507247.7466228
1739507247.812305 1739507247.7798123
1739507247.845839 1739507247.8466024
1739507247.8788967 1739507247.8798842
1739507247.9123583 1739507247.9133017
1739507247.945596 1739507247.9465818
1739507247.9790113 1739507247.9465818
1739507248.0125318 1739507248.0133178
1739507248.0457776 1739507248.0133178
1739507248.079161 1739507248.079903
1739507248.1126409 1739507248.079903
1739507248.1458976 1739507248.1135263
1739507248.1790755 1739507248.1470864
1739507248.2125092 1739507248.180032
1739507248.2458856 1739507248.2134159
1739507248.2791843 1739507248.2467823
1739507248.312493 1739507248.2801497
1739507248.3458622 1739507248.346846
1739507248.37917 1739507248.3803797
1739507248.4125004 1739507248.3803797
1739507248.4458735 1739507248.4134748
1739507248.4794095 1739507248.4802792
1739507248.51257 1739507248.5135002
1739507248.5460665 1739507248.546903
1739507248.5793462 1739507248.580305
1739507248.6126132 1739507248.580305
1739507248.6460586 1739507248.6469417
1739507248.6793177 1739507248.6469417
1739507248.7126527 1739507248.6801388
1739507248.746058 1739507248.7470036
1739507248.779276 1739507248.7803035
1739507248.8126051 1739507248.7803035
1739507248.8461602 1739507248.8135595
1739507248.8793218 1739507248.880367
1739507248.9128058 1739507248.880367
1739507248.9461987 1739507248.947148
1739507248.9793673 1739507248.947148
1739507249.012816 1739507249.0138319
1739507249.0463877 1739507249.0138319
1739507249.079511 1739507249.0472064
1739507249.1128411 1739507249.0803437
1739507249.146293 1739507249.147143
1739507249.179471 1739507249.147143
1739507249.2128916 1739507249.1804118
1739507249.2462645 1739507249.213747
1739507249.2795932 1739507249.247171
1739507249.3129938 1739507249.3140807
1739507249.3462627 1739507249.3140807
1739507249.3795056 1739507249.3805256
1739507249.4129527 1739507249.4140196
1739507249.4462347 1739507249.4472952
1739507249.4796357 1739507249.4472952
1739507249.5129392 1739507249.513849
1739507249.5463798 1739507249.513849
1739507249.5796642 1739507249.5472288
1739507249.6131682 1739507249.6139784
1739507249.6463697 1739507249.6139784
1739507249.6797671 1739507249.647284
1739507249.7130725 1739507249.6806147
1739507249.7464375 1739507249.714016
1739507249.7799082 1739507249.7472844
1739507249.8130915 1739507249.8140442
1739507249.8464692 1739507249.8140442
1739507249.8799424 1739507249.880819
1739507249.9131246 1739507249.9140038
1739507249.9464946 1739507249.9140038
1739507249.9798846 1739507249.9473994
1739507250.0134199 1739507250.0142527
1739507250.0465508 1739507250.0142527
1739507250.0799422 1739507250.0474184
1739507250.1132696 1739507250.080837
1739507250.1466343 1739507250.1474583
1739507250.1800833 1739507250.180849
1739507250.2133155 1739507250.214249
1739507250.246614 1739507250.214249
1739507250.280045 1739507250.2474985
1739507250.313453 1739507250.2808664
1739507250.3466704 1739507250.3475764
1739507250.3800232 1739507250.3809261
1739507250.4135036 1739507250.3809261
1739507250.4467604 1739507250.4143298
1739507250.4801595 1739507250.447667
1739507250.5134406 1739507250.4810808
1739507250.5469258 1739507250.5144267
1739507250.5802035 1739507250.5477257
1739507250.6134212 1739507250.5810626
1739507250.646772 1739507250.6143746
1739507250.680118 1739507250.6476684
1739507250.7134857 1739507250.681054
1739507250.7468185 1739507250.7144918
1739507250.7802348 1739507250.7811046
1739507250.8135364 1739507250.814567
1739507250.8469195 1739507250.8477566
1739507250.8802226 1739507250.8810897
1739507250.9136505 1739507250.8810897
1739507250.9469726 1739507250.9477975
1739507250.980229 1739507250.9811542
1739507251.0135984 1739507251.0144885
1739507251.047088 1739507251.047861
1739507251.0803638 1739507251.0812492
1739507251.1136549 1739507251.1145995
1739507251.1471105 1739507251.1478634
1739507251.180341 1739507251.1478634
1739507251.2137396 1739507251.1812494
1739507251.2470036 1739507251.2146006
1739507251.2803912 1739507251.2479377
1739507251.3137863 1739507251.2813914
1739507251.3470757 1739507251.314755
1739507251.380468 1739507251.3479497
1739507251.4138565 1739507251.4146793
1739507251.4470859 1739507251.4146793
1739507251.4805264 1739507251.448006
1739507251.513769 1739507251.4813752
1739507251.5471506 1739507251.5147183
1739507251.5805836 1739507251.5480404
1739507251.6138685 1739507251.5814126
1739507251.6472998 1739507251.6147852
1739507251.680698 1739507251.6815171
1739507251.7140055 1739507251.6815171
1739507251.7472835 1739507251.714825
1739507251.7806516 1739507251.7481856
1739507251.8139892 1739507251.781545
1739507251.847318 1739507251.8149326
1739507251.8806782 1739507251.8816185
1739507251.9141383 1739507251.9149566
1739507251.9473598 1739507251.9482594
1739507251.980689 1739507251.9482594
1739507252.0140643 1739507251.9815896
1739507252.0474362 1739507252.0149593
1739507252.080749 1739507252.0816607
1739507252.1140501 1739507252.0816607
1739507252.147406 1739507252.1149507
1739507252.180818 1739507252.148292
1739507252.2141356 1739507252.1817062
1739507252.2474923 1739507252.248381
1739507252.2808204 1739507252.248381
1739507252.3141856 1739507252.2817087
1739507252.3474941 1739507252.3150904
1739507252.380836 1739507252.3483486
1739507252.4141855 1739507252.3817582
1739507252.4474971 1739507252.4484413
1739507252.480893 1739507252.4484413
1739507252.5143163 1739507252.5152137
1739507252.547593 1739507252.5152137
1739507252.5810635 1739507252.5484893
1739507252.6143034 1739507252.5819495
1739507252.64763 1739507252.6151845
1739507252.6811168 1739507252.6819484
1739507252.7143118 1739507252.7152703
1739507252.7477276 1739507252.748575
1739507252.7810452 1739507252.7819893
1739507252.814456 1739507252.815301
1739507252.8478174 1739507252.8487337
1739507252.8812068 1739507252.8819966
1739507252.9145503 1739507252.9153864
1739507252.9478018 1739507252.9153864
1739507252.981089 1739507252.9486926
1739507253.0144734 1739507252.9820669
1739507253.0478337 1739507253.0153403
1739507253.0812926 1739507253.048927
1739507253.1145883 1739507253.0821652
1739507253.1478882 1739507253.1488872
1739507253.1812713 1739507253.1488872
1739507253.2145967 1739507253.1821878
1739507253.2478924 1739507253.2488308
1739507253.281239 1739507253.2821813
1739507253.314601 1739507253.315658
1739507253.348102 1739507253.315658
1739507253.3813136 1739507253.3823335
1739507253.4146426 1739507253.4155157
1739507253.4480803 1739507253.4155157
1739507253.4813097 1739507253.4822052
1739507253.5148072 1739507253.5156815
1739507253.5481064 1739507253.5490146
1739507253.5813963 1739507253.5490146
1739507253.6147323 1739507253.582277
1739507253.6482973 1739507253.6156354
1739507253.6814446 1739507253.6491718
1739507253.7147756 1739507253.6823328
1739507253.7481918 1739507253.7157042
1739507253.7814798 1739507253.7490337
1739507253.8147976 1739507253.7823875
1739507253.8482146 1739507253.815725
1739507253.8815606 1739507253.8491797
1739507253.9148507 1739507253.882441
1739507253.948372 1739507253.915888
1739507253.981625 1739507253.9492073
1739507254.0150146 1739507253.9825275
1739507254.0484262 1739507254.0493426
1739507254.081798 1739507254.0493426
1739507254.1150584 1739507254.1159399
1739507254.1483762 1739507254.1492963
1739507254.1816547 1739507254.1492963
1739507254.215011 1739507254.1825795
1739507254.2483418 1739507254.2159042
1739507254.2816308 1739507254.249238
1739507254.3149714 1739507254.2825327
1739507254.3483953 1739507254.3159175
1739507254.3817472 1739507254.3493638
1739507254.415038 1739507254.3825812
1739507254.448381 1739507254.4159243
1739507254.481734 1739507254.449334
1739507254.5152726 1739507254.5160341
1739507254.5484908 1739507254.5160341
1739507254.5818462 1739507254.5494075
1739507254.6152215 1739507254.6160975
1739507254.6484792 1739507254.6494205
1739507254.6818874 1739507254.6827564
1739507254.7152898 1739507254.6827564
1739507254.7486384 1739507254.716153
1739507254.7819042 1739507254.7494276
1739507254.8152752 1739507254.782826
1739507254.8485367 1739507254.8495445
1739507254.8819258 1739507254.8495445
1739507254.915365 1739507254.8828342
1739507254.9486437 1739507254.9495287
1739507254.9819596 1739507254.9495287
1739507255.0153334 1739507254.9828734
1739507255.0486398 1739507255.0162077
1739507255.08203 1739507255.0496063
1739507255.1153374 1739507255.0828888
1739507255.1488156 1739507255.116324
1739507255.1821287 1739507255.1496634
1739507255.215498 1739507255.182977
1739507255.248904 1739507255.249833
1739507255.282284 1739507255.249833
1739507255.3156986 1739507255.316561
1739507255.3489065 1739507255.3498144
1739507255.3822854 1739507255.3498144
1739507255.4155953 1739507255.4165423
1739507255.4488368 1739507255.4497688
1739507255.4823225 1739507255.4497688
1739507255.515561 1739507255.4831564
1739507255.54897 1739507255.516448
1739507255.5822473 1739507255.583246
1739507255.6155903 1739507255.6165657
1739507255.6489658 1739507255.6165657
1739507255.6823215 1739507255.6499472
1739507255.7156422 1739507255.6831825
1739507255.749108 1739507255.716626
1739507255.7824473 1739507255.7833989
1739507255.8157606 1739507255.8166943
1739507255.8491738 1739507255.8500385
