1739507321.134092 1739507321.1397357
1739507321.1673486 1739507321.1730702
1739507321.200776 1739507321.1730702
1739507321.234042 1739507321.2063825
1739507321.2675345 1739507321.2398293
1739507321.3007665 1739507321.273083
1739507321.334136 1739507321.3064413
1739507321.3675606 1739507321.3397813
1739507321.4010768 1739507321.3731647
1739507321.434319 1739507321.4064987
1739507321.4676836 1739507321.4398272
1739507321.5008745 1739507321.4731555
1739507321.5342283 1739507321.5064805
1739507321.5675337 1739507321.539953
1739507321.6011097 1739507321.573222
1739507321.634219 1739507321.606505
1739507321.667695 1739507321.639912
1739507321.701006 1739507321.6732788
1739507321.7343233 1739507321.7066364
1739507321.7676146 1739507321.740005
1739507321.8010235 1739507321.7733488
1739507321.8344328 1739507321.806666
1739507321.8676958 1739507321.84006
1739507321.901015 1739507321.873459
1739507321.934372 1739507321.90671
1739507321.9677615 1739507321.940102
1739507322.0011387 1739507321.973414
1739507322.0344203 1739507322.0066864
1739507322.067778 1739507322.0400505
1739507322.1011498 1739507322.0734572
1739507322.1344552 1739507322.1067362
1739507322.1679704 1739507322.1401658
1739507322.2013834 1739507322.1734576
1739507322.234484 1739507322.2069345
1739507322.2679424 1739507322.240207
1739507322.3011901 1739507322.2737696
1739507322.3347182 1739507322.3068838
1739507322.368036 1739507322.3402386
1739507322.401339 1739507322.3735876
1739507322.4346266 1739507322.406948
1739507322.4681194 1739507322.440353
1739507322.50132 1739507322.4736402
1739507322.5346572 1739507322.5073411
1739507322.5680335 1739507322.5404642
1739507322.60139 1739507322.5736709
1739507322.6347587 1739507322.6070197
1739507322.668032 1739507322.640489
1739507322.7014909 1739507322.6736813
1739507322.734742 1739507322.7070613
1739507322.7680943 1739507322.7404468
1739507322.8014255 1739507322.7740726
1739507322.8347423 1739507322.8071647
1739507322.8682048 1739507322.8404126
1739507322.9014726 1739507322.8738694
1739507322.9349601 1739507322.9071925
1739507322.9681993 1739507322.9404864
1739507323.0015419 1739507322.973938
1739507323.034876 1739507323.007182
1739507323.0684698 1739507323.0405512
1739507323.101596 1739507323.0739453
1739507323.1349592 1739507323.107421
1739507323.1684818 1739507323.140632
1739507323.2016232 1739507323.1740382
1739507323.2351124 1739507323.2072673
1739507323.2683525 1739507323.2407715
1739507323.3017712 1739507323.2740328
1739507323.3351026 1739507323.3074412
1739507323.3688238 1739507323.340763
1739507323.4017377 1739507323.3741853
1739507323.4351263 1739507323.4075358
1739507323.46849 1739507323.4407585
1739507323.5017629 1739507323.4742236
1739507323.5352125 1739507323.50756
1739507323.568546 1739507323.540785
1739507323.6020706 1739507323.57414
1739507323.635162 1739507323.6076803
1739507323.6685808 1739507323.6410213
1739507323.7020903 1739507323.6741521
1739507323.7354076 1739507323.707608
1739507323.7686508 1739507323.740915
1739507323.8020391 1739507323.7743378
1739507323.8354952 1739507323.8076284
1739507323.8687584 1739507323.8409562
1739507323.9023163 1739507323.8743439
1739507323.9353585 1739507323.907716
1739507323.9687464 1739507323.9409277
1739507324.0022295 1739507323.974473
1739507324.0355153 1739507324.0076091
1739507324.0687726 1739507324.0411115
1739507324.1023276 1739507324.0744624
1739507324.1355114 1739507324.107813
1739507324.1689801 1739507324.1411772
1739507324.2022943 1739507324.1745799
1739507324.2354817 1739507324.2079215
1739507324.2689092 1739507324.2411273
1739507324.3022275 1739507324.2744076
1739507324.3356616 1739507324.3078513
1739507324.3689964 1739507324.341258
1739507324.4023333 1739507324.3745658
1739507324.435504 1739507324.4077659
1739507324.469022 1739507324.4411266
1739507324.5023282 1739507324.4745672
1739507324.5356326 1739507324.5078063
1739507324.568987 1739507324.5412028
1739507324.6023567 1739507324.5745335
1739507324.635733 1739507324.6079073
1739507324.6691184 1739507324.6412122
1739507324.7022667 1739507324.6745408
1739507324.735788 1739507324.7079782
1739507324.7690566 1739507324.741264
1739507324.8024578 1739507324.7746384
1739507324.8356555 1739507324.8079557
1739507324.869056 1739507324.841392
1739507324.902384 1739507324.8747332
1739507324.9358816 1739507324.9080482
1739507324.9693089 1739507324.941441
1739507325.0024247 1739507324.9747708
1739507325.0358965 1739507325.008065
1739507325.0691974 1739507325.041418
1739507325.1025293 1739507325.0748053
1739507325.1360004 1739507325.1083179
1739507325.1691964 1739507325.141469
1739507325.2025182 1739507325.1748297
1739507325.2358918 1739507325.2081764
1739507325.269761 1739507325.2415981
1739507325.3025675 1739507325.2750044
1739507325.3360157 1739507325.3083599
1739507325.369322 1739507325.341584
1739507325.4027183 1739507325.374988
1739507325.4359844 1739507325.4082928
1739507325.469373 1739507325.4416213
1739507325.5026329 1739507325.4750986
1739507325.5360408 1739507325.508393
1739507325.569522 1739507325.54167
1739507325.6028411 1739507325.5752296
1739507325.636065 1739507325.60843
1739507325.669437 1739507325.6418114
1739507325.70283 1739507325.6750815
1739507325.7362113 1739507325.7085118
1739507325.7695043 1739507325.7417808
1739507325.8029053 1739507325.775199
1739507325.8362489 1739507325.808456
1739507325.8697393 1739507325.8419287
1739507325.902813 1739507325.8752828
1739507325.9362512 1739507325.9086037
1739507325.9695044 1739507325.941994
1739507326.0028605 1739507325.9753473
1739507326.0365343 1739507326.0085921
1739507326.0696504 1739507326.0418587
1739507326.1030204 1739507326.075272
1739507326.1363564 1739507326.1086953
1739507326.1696875 1739507326.1419454
1739507326.2030883 1739507326.1754258
1739507326.2363334 1739507326.2086325
1739507326.2701564 1739507326.2420182
1739507326.3031435 1739507326.2752826
1739507326.3364959 1739507326.3087547
1739507326.3697336 1739507326.3421624
1739507326.403111 1739507326.3754303
1739507326.436364 1739507326.4087472
1739507326.4698389 1739507326.442106
1739507326.5031016 1739507326.4758008
1739507326.5364788 1739507326.508707
1739507326.569793 1739507326.54211
1739507326.6031497 1739507326.5754232
1739507326.636604 1739507326.6088622
1739507326.6698978 1739507326.6421402
1739507326.7031593 1739507326.6756642
1739507326.736647 1739507326.7089157
1739507326.7698998 1739507326.742319
1739507326.8033187 1739507326.7757194
1739507326.8366904 1739507326.8090742
1739507326.8699803 1739507326.8424227
1739507326.90326 1739507326.875541
1739507326.9367237 1739507326.9089825
1739507326.9700563 1739507326.9424322
1739507327.0034473 1739507326.9757679
1739507327.0367472 1739507327.0091765
1739507327.0700424 1739507327.0426471
1739507327.1034696 1739507327.0756457
1739507327.1367812 1739507327.109105
1739507327.1701407 1739507327.1423445
1739507327.2034812 1739507327.1757598
1739507327.236884 1739507327.2091434
1739507327.270165 1739507327.2424705
1739507327.3034928 1739507327.2757454
1739507327.3368454 1739507327.3092144
1739507327.3702662 1739507327.342497
1739507327.403594 1739507327.375815
1739507327.436964 1739507327.409216
1739507327.470252 1739507327.4425583
1739507327.503667 1739507327.4759045
1739507327.5370085 1739507327.5093026
1739507327.5702055 1739507327.5428174
1739507327.6035755 1739507327.5758784
1739507327.636939 1739507327.6092992
1739507327.670287 1739507327.6425538
1739507327.7035987 1739507327.6759024
1739507327.7370017 1739507327.709261
1739507327.7704456 1739507327.7425947
1739507327.8038726 1739507327.7759519
1739507327.8370829 1739507327.809382
1739507327.8705516 1739507327.842673
1739507327.9040241 1739507327.8761451
1739507327.9371078 1739507327.9093564
1739507327.9704676 1739507327.9427605
1739507328.0038416 1739507327.9760492
1739507328.0371885 1739507328.0095022
1739507328.070524 1739507328.0427413
1739507328.1039422 1739507328.0761032
1739507328.1374083 1739507328.1095443
1739507328.1705966 1739507328.142796
1739507328.2038624 1739507328.1761847
1739507328.2372987 1739507328.2094982
1739507328.2705245 1739507328.2429028
1739507328.3040915 1739507328.2761734
1739507328.3372474 1739507328.309545
1739507328.3710423 1739507328.3428912
1739507328.4039752 1739507328.3762393
1739507328.4372623 1739507328.4097297
1739507328.4706564 1739507328.4429967
1739507328.5039368 1739507328.4764476
1739507328.537358 1739507328.5097353
1739507328.5706613 1739507328.542986
1739507328.6040213 1739507328.5763218
1739507328.6374617 1739507328.6096952
1739507328.6708167 1739507328.6430671
1739507328.70424 1739507328.676367
1739507328.7374825 1739507328.7097552
1739507328.7710254 1739507328.7430646
1739507328.8041608 1739507328.7764692
1739507328.837503 1739507328.8098307
1739507328.870781 1739507328.8430717
1739507328.9043279 1739507328.8764284
1739507328.9375641 1739507328.9097996
1739507328.9709146 1739507328.9433424
1739507329.0043008 1739507328.976549
1739507329.0375214 1739507329.0098267
1739507329.0709858 1739507329.0432425
1739507329.104311 1739507329.0765336
1739507329.1376085 1739507329.1098647
1739507329.1710649 1739507329.1432416
1739507329.2043514 1739507329.176579
1739507329.2376525 1739507329.209932
1739507329.2710457 1739507329.243373
1739507329.3043447 1739507329.2766633
1739507329.3377085 1739507329.309988
1739507329.3711646 1739507329.3433805
1739507329.4044828 1739507329.376673
1739507329.4379227 1739507329.410003
1739507329.4711754 1739507329.4434457
1739507329.5044982 1739507329.47672
1739507329.5378044 1739507329.510174
1739507329.5710967 1739507329.543493
1739507329.6044724 1739507329.576783
1739507329.637788 1739507329.6101696
1739507329.6712592 1739507329.6434693
1739507329.704646 1739507329.6769092
1739507329.7379785 1739507329.7102008
1739507329.771469 1739507329.7435586
1739507329.8046064 1739507329.7768974
1739507329.8380075 1739507329.8102348
1739507329.871308 1739507329.8436103
1739507329.9045758 1739507329.87686
1739507329.93803 1739507329.910227
1739507329.9713545 1739507329.9435246
1739507330.0045927 1739507329.9768898
1739507330.038006 1739507330.0102754
1739507330.0713596 1739507330.0436196
1739507330.1047344 1739507330.0769725
1739507330.1380374 1739507330.1103094
1739507330.1713774 1739507330.1437085
1739507330.204775 1739507330.1770084
1739507330.2382047 1739507330.210358
1739507330.2715049 1739507330.2437158
1739507330.3048186 1739507330.2771955
1739507330.3381789 1739507330.3105402
1739507330.3714454 1739507330.3437805
1739507330.4048662 1739507330.3771577
1739507330.4381444 1739507330.4104886
1739507330.4716365 1739507330.4437902
1739507330.5049574 1739507330.4771829
1739507330.5384328 1739507330.5105677
1739507330.5715973 1739507330.5438178
1739507330.6049123 1739507330.5772266
1739507330.6383455 1739507330.6106434
1739507330.6717634 1739507330.6438878
1739507330.7050304 1739507330.677239
1739507330.7384334 1739507330.7106168
1739507330.771793 1739507330.7439368
1739507330.8054361 1739507330.7773027
1739507330.8385448 1739507330.8107076
1739507330.8717506 1739507330.8440285
1739507330.9050348 1739507330.8773274
1739507330.9384584 1739507330.9107409
1739507330.9717193 1739507330.94402
1739507331.005171 1739507330.97737
1739507331.0385654 1739507331.0107057
1739507331.0718677 1739507331.0441043
1739507331.1051128 1739507331.0774271
1739507331.138581 1739507331.1107337
1739507331.1719449 1739507331.1440723
1739507331.205272 1739507331.1775305
1739507331.2387311 1739507331.2108896
1739507331.2720451 1739507331.2442358
1739507331.3054607 1739507331.2774816
1739507331.338708 1739507331.3108945
1739507331.3719516 1739507331.3441901
1739507331.4052758 1739507331.377579
1739507331.4385664 1739507331.410921
1739507331.4719281 1739507331.4442842
1739507331.5053627 1739507331.477542
1739507331.5387285 1739507331.5109007
1739507331.5721571 1739507331.5442812
1739507331.6053302 1739507331.5776198
1739507331.6386638 1739507331.6110127
1739507331.6720316 1739507331.6443543
1739507331.7053595 1739507331.6776156
1739507331.7388148 1739507331.7109926
1739507331.7721965 1739507331.7444239
1739507331.8057323 1739507331.7777941
1739507331.838828 1739507331.8111207
1739507331.87221 1739507331.844467
1739507331.9055202 1739507331.8777754
1739507331.9387717 1739507331.9111497
1739507331.9722815 1739507331.9444172
1739507332.005548 1739507331.977806
1739507332.0389204 1739507332.0111554
1739507332.0723863 1739507332.0444653
1739507332.1056664 1739507332.077847
1739507332.1388836 1739507332.1111596
1739507332.172324 1739507332.14454
1739507332.2055666 1739507332.177921
1739507332.2389584 1739507332.211265
1739507332.2723608 1739507332.244619
1739507332.3057394 1739507332.2779665
1739507332.3390524 1739507332.311393
1739507332.3724282 1739507332.3446178
1739507332.4057984 1739507332.3779736
1739507332.4391081 1739507332.4113593
1739507332.4724185 1739507332.444712
1739507332.5057116 1739507332.4780114
1739507332.5391302 1739507332.5113964
1739507332.5723963 1739507332.544736
1739507332.6057308 1739507332.578065
1739507332.6392114 1739507332.6113813
1739507332.6725228 1739507332.6447387
1739507332.7061203 1739507332.67821
1739507332.7392333 1739507332.7114918
1739507332.7725127 1739507332.7448912
1739507332.805842 1739507332.7781596
1739507332.8393118 1739507332.8114994
1739507332.8725595 1739507332.8449154
1739507332.9058976 1739507332.8783445
1739507332.939259 1739507332.911573
1739507332.9726315 1739507332.9448378
1739507333.0061834 1739507332.978244
1739507333.039313 1739507333.0115976
1739507333.072671 1739507333.0449388
1739507333.1060283 1739507333.0783596
1739507333.139398 1739507333.1116354
1739507333.1728313 1739507333.1449456
1739507333.2061913 1739507333.1783504
1739507333.239427 1739507333.2117357
1739507333.272858 1739507333.2450955
1739507333.3061345 1739507333.2784026
1739507333.3395243 1739507333.311761
1739507333.3728447 1739507333.3452077
1739507333.406122 1739507333.3783982
1739507333.4394717 1739507333.4117332
1739507333.472835 1739507333.4451604
1739507333.5062423 1739507333.4784977
1739507333.5395486 1739507333.5118268
1739507333.5729485 1739507333.5451753
1739507333.6064699 1739507333.578552
1739507333.6395833 1739507333.6118495
1739507333.6730125 1739507333.6452448
1739507333.7063527 1739507333.6785927
1739507333.7396123 1739507333.7118979
1739507333.7730293 1739507333.745254
1739507333.806356 1739507333.7786002
1739507333.8398077 1739507333.8119333
1739507333.8732936 1739507333.8454182
1739507333.9064167 1739507333.8787088
1739507333.9397578 1739507333.9121642
1739507333.9730644 1739507333.9453373
1739507334.0064404 1739507333.9786842
1739507334.0397277 1739507334.0121226
1739507334.0732007 1739507334.0454676
1739507334.10657 1739507334.0787535
1739507334.1398988 1739507334.1121173
1739507334.1732035 1739507334.1454508
1739507334.2065678 1739507334.1788359
