0.256 0.0 0.399 1.0 0.0 0.0 0.0 -1.0 0.0 0.0
0.256 0.0 0.399 1.0 0.0 0.0 0.0 -1.0 0.0 0.0
0.256 0.0 0.399 1.0 0.0 0.0 0.0 -1.0 0.0 0.0
0.256 0.0 0.399 1.0 0.0 0.0 0.0 -1.0 0.0 0.0
0.25817704 0.00050887524 0.39717275 1.0009868 -0.002579496 0.0030503038 -7.063799e-05 -0.99988735 -0.0013734177 -3.5282836e-05
0.26035324 0.0010159117 0.39535028 1.001969 -0.005146933 0.0061031994 -0.000134912 -0.99977493 -0.0027437138 -7.133908e-05
0.26252776 0.0015192705 0.39353716 1.0029421 -0.007690251 0.009161278 -0.00018645811 -0.99966276 -0.0041077663 -0.00010894213
0.2646998 0.002017113 0.39173827 1.0039014 -0.010197393 0.012227132 -0.00021891229 -0.99955136 -0.005462454 -0.0001488654
0.2668685 0.0025076 0.3899582 1.0048423 -0.012656297 0.015303351 -0.00022591065 -0.9994407 -0.0068046553 -0.00019188227
0.26903304 0.0029888933 0.38820168 1.0057602 -0.015054906 0.01839253 -0.00020108916 -0.99933106 -0.008131249 -0.0002387662
0.2711926 0.0034591537 0.3864735 1.0066507 -0.017381161 0.021497259 -0.00013808388 -0.9992227 -0.009439112 -0.00029029054
0.27334636 0.0039165425 0.3847783 1.007509 -0.019623 0.024620127 -3.053079e-05 -0.9991156 -0.010725123 -0.00034722872
0.27549344 0.0043592206 0.38312083 1.0083306 -0.021768367 0.02776373 0.00012793386 -0.9990102 -0.011986162 -0.00041035414
0.27763304 0.0047853496 0.38150582 1.0091109 -0.023805201 0.030930655 0.0003436742 -0.9989067 -0.013219105 -0.00048044018
0.27976435 0.005193091 0.37993795 1.0098455 -0.025721446 0.0341235 0.00062305445 -0.9988051 -0.014420833 -0.00055826036
0.2818865 0.0055806055 0.37842196 1.0105293 -0.027505038 0.037344854 0.0009724381 -0.9987058 -0.015588222 -0.0006445879
0.28399867 0.005946054 0.37696257 1.0111582 -0.029143924 0.0405973 0.0013981891 -0.99860895 -0.016718151 -0.0007401963
0.28610003 0.0062875985 0.3755645 1.0117275 -0.03062604 0.04388345 0.0019066723 -0.99851465 -0.017807499 -0.0008458591
0.28818977 0.0066033993 0.37423238 1.0122325 -0.031939324 0.047205873 0.00250425 -0.9984232 -0.018853145 -0.00096234935
0.29026702 0.0068916185 0.37297106 1.0126686 -0.033071723 0.050567172 0.0031972886 -0.99833477 -0.019851964 -0.001090441
0.29233098 0.007150417 0.37178516 1.0130314 -0.034011178 0.05396994 0.0039921505 -0.9982496 -0.020800838 -0.001230907
0.29438078 0.007377955 0.37067944 1.013316 -0.034745626 0.05741676 0.0048951977 -0.9981679 -0.021696644 -0.0013845207
0.29641566 0.0075723957 0.3696586 1.0135182 -0.03526301 0.060910232 0.005912798 -0.9980898 -0.022536261 -0.0015520559
0.2984347 0.007731898 0.36872736 1.0136331 -0.035551272 0.064452946 0.0070513124 -0.9980155 -0.023316564 -0.0017342856
0.30043715 0.007854626 0.36789042 1.0136564 -0.03559835 0.06804749 0.008317107 -0.9979453 -0.024034437 -0.0019319836
0.3024221 0.007938737 0.3671525 1.0135832 -0.035392184 0.07169647 0.009716546 -0.9978793 -0.024686754 -0.0021459232
0.3043888 0.007982396 0.36651838 1.013409 -0.03492072 0.07540245 0.011255991 -0.9978179 -0.025270395 -0.0023768772
0.30633634 0.007983762 0.36599267 1.0131292 -0.034171894 0.07916805 0.0129418075 -0.99776095 -0.025782239 -0.0026256202
0.30826396 0.007940996 0.36558014 1.0127394 -0.03313365 0.08299585 0.014780359 -0.9977089 -0.026219163 -0.0028929247
0.31016982 0.007853266 0.36528343 1.0122375 -0.031801783 0.086885884 0.016772028 -0.99766237 -0.026579045 -0.0031789835
0.3120482 0.007723748 0.36509666 1.0116324 -0.030203482 0.090828 0.018893294 -0.9976234 -0.026863746 -0.0034816675
0.31389257 0.007556628 0.36501202 1.0109355 -0.028373795 0.09480953 0.021114651 -0.9975945 -0.02707614 -0.0037982687
0.31569615 0.0073560905 0.36502156 1.0101583 -0.026347782 0.09881774 0.023406588 -0.99757826 -0.027219083 -0.004126075
0.31745234 0.0071263197 0.3651174 1.0093123 -0.024160486 0.10283995 0.025739599 -0.9975773 -0.027295444 -0.004462378
0.31915453 0.0068714973 0.3652916 1.0084088 -0.021846946 0.106863454 0.028084189 -0.99759406 -0.027308086 -0.0048044687
0.32079604 0.0065958104 0.36553627 1.0074594 -0.019442229 0.11087555 0.030410837 -0.9976311 -0.027259875 -0.005149636
0.32237023 0.0063034403 0.36584353 1.0064757 -0.016981369 0.114863545 0.03269005 -0.9976908 -0.02715367 -0.005495171
0.32387042 0.0059985723 0.3662055 1.0054688 -0.014499411 0.11881475 0.03489232 -0.997776 -0.026992343 -0.005838365
0.32528996 0.0056853914 0.36661425 1.0044506 -0.012031417 0.12271644 0.036988135 -0.997889 -0.026778758 -0.006176506
0.3266223 0.00536808 0.36706185 1.0034322 -0.00961243 0.12655593 0.038948 -0.99803245 -0.02651577 -0.0065068863
0.32786065 0.0050508217 0.36754042 1.0024252 -0.0072774943 0.13032053 0.040742405 -0.9982089 -0.026206253 -0.006826797
0.32899845 0.0047378023 0.36804208 1.0014411 -0.0050616655 0.13399753 0.042341836 -0.9984207 -0.025853071 -0.007133526
0.330029 0.0044332054 0.36855888 1.0004915 -0.0029999875 0.13757421 0.043716796 -0.9986706 -0.025459083 -0.007424365
0.33094567 0.0041412134 0.369083 0.99958766 -0.0011275113 0.14103791 0.044837784 -0.9989611 -0.025027158 -0.0076966044
0.33174184 0.003866012 0.36960644 0.99874103 0.0005207211 0.14437592 0.045675285 -0.99929464 -0.024560157 -0.007947534
0.33241084 0.0036117837 0.37012136 0.99796325 0.0019096509 0.14757553 0.046199806 -0.9996737 -0.024060948 -0.0081744455
0.332946 0.003382715 0.37061986 0.9972657 0.0030042343 0.15062405 0.04638182 -1.0001011 -0.023532394 -0.008374628
0.3333407 0.003182987 0.37109402 0.99665976 0.0037694313 0.15350878 0.046191838 -1.0005791 -0.022977358 -0.008545373
0.33358827 0.0030167857 0.37153596 0.99615705 0.0041701794 0.156217 0.045600355 -1.0011104 -0.022398707 -0.008683968
0.3336821 0.0028882946 0.37193772 0.9957689 0.0041714422 0.15873604 0.04457786 -1.0016975 -0.021799304 -0.008787707
0.33361545 0.0028016968 0.37229148 0.9955069 0.0037381575 0.16105318 0.043094847 -1.0023428 -0.021182012 -0.008853879
0.33338177 0.0027611773 0.37258926 0.9953825 0.0028352886 0.16315575 0.041121814 -1.003049 -0.0205497 -0.008879773
0.33297434 0.0027709205 0.3728232 0.995407 0.0014277846 0.16503102 0.038629264 -1.0038186 -0.01990523 -0.008862682
0.3323866 0.002835109 0.37298542 0.9955921 -0.0005194098 0.1666663 0.03558767 -1.0046542 -0.019251462 -0.008799894
0.3316145 0.0029567669 0.37307018 0.99594116 -0.0030366168 0.1680553 0.031971835 -1.0055531 -0.01859135 -0.008689705
0.3306647 0.003134278 0.37308064 0.99642557 -0.006135364 0.16921729 0.027773704 -1.0064927 -0.017928163 -0.008534425
0.32954654 0.0033648645 0.3730222 0.9970088 -0.009822428 0.17017798 0.022989528 -1.0074453 -0.017265258 -0.008337367
0.32826936 0.003645748 0.37290013 0.9976542 -0.014104625 0.17096306 0.01761553 -1.0083833 -0.016605988 -0.008101847
0.32684255 0.0039741537 0.37271988 0.9983254 -0.01898877 0.17159824 0.0116479285 -1.0092788 -0.015953705 -0.007831177
0.3252754 0.0043473 0.37248668 0.9989855 -0.024481602 0.17210919 0.0050830394 -1.0101041 -0.01531177 -0.0075286757
0.32357726 0.0047624116 0.37220606 0.9995982 -0.030589953 0.17252162 -0.0020829365 -1.0108314 -0.014683535 -0.0071976534
0.32175744 0.005216711 0.37188318 1.0001267 -0.037320614 0.17286119 -0.009853758 -1.0114331 -0.014072357 -0.0068414267
0.31982532 0.005707421 0.37152353 1.0005345 -0.044680387 0.17315361 -0.01823318 -1.0118816 -0.013481588 -0.0064633093
0.3177902 0.0062317634 0.37113243 1.0007852 -0.052676063 0.1734246 -0.027224965 -1.0121489 -0.012914585 -0.0060666148
0.31566143 0.006786965 0.3707152 1.000842 -0.061314497 0.17369983 -0.03683292 -1.0122074 -0.012374697 -0.005654656
0.31344834 0.00737024 0.37027726 1.0006683 -0.07060238 0.17400497 -0.047060702 -1.0120293 -0.01186529 -0.005230752
0.3111603 0.0079788165 0.3698239 1.0002277 -0.080546565 0.17436576 -0.05791212 -1.0115869 -0.011389711 -0.004798215
0.30880663 0.008609915 0.3693605 0.9994834 -0.09115384 0.17480785 -0.06939092 -1.0108527 -0.010951318 -0.004360358
0.30639663 0.009260761 0.36889243 0.998399 -0.10243101 0.17535695 -0.08150089 -1.0097986 -0.010553464 -0.0039204964
0.30393967 0.009928572 0.36842504 0.9969379 -0.114384875 0.17603876 -0.09424575 -1.0083971 -0.010199506 -0.0034819453
0.3014451 0.010610576 0.36796367 0.9950634 -0.1270222 0.17687896 -0.107629284 -1.0066206 -0.009892797 -0.0030480174
0.2989222 0.011303995 0.36751366 0.9927391 -0.14034991 0.17790326 -0.12165532 -1.004441 -0.009636691 -0.0026220258
0.2963804 0.012006047 0.3670804 0.9899282 -0.15437463 0.17913735 -0.13632748 -1.0018309 -0.009434547 -0.0022072892
0.29382896 0.012713957 0.3666692 0.9865943 -0.16910322 0.18060689 -0.15164955 -0.99876237 -0.009289717 -0.0018071199
0.29127723 0.013424947 0.36628547 0.9827007 -0.18454249 0.1823376 -0.16762534 -0.9952078 -0.009205557 -0.0014248316
0.28873459 0.01413624 0.36593455 0.9782109 -0.20069923 0.18435517 -0.18425858 -0.9911395 -0.009185422 -0.0010637396
0.2862103 0.014845059 0.36562178 0.9730884 -0.21758023 0.1866853 -0.20155303 -0.9865295 -0.009232666 -0.00072715734
0.28371376 0.015548631 0.36535248 0.96729636 -0.23519239 0.18935369 -0.21951257 -0.98135036 -0.009350644 -0.00041839737
0.2812543 0.01624417 0.36513206 0.96079844 -0.25354233 0.192386 -0.23814075 -0.9755742 -0.009542713 -0.00014077872
0.2788403 0.01692884 0.36496422 0.95356613 -0.27262473 0.19579706 -0.2574305 -0.96917784 -0.0098101115 0.00010329512
0.27647653 0.017599566 0.36484608 0.9456039 -0.2923854 0.19955808 -0.27733117 -0.9621559 -0.010145629 0.00031504693
0.27416682 0.0182532 0.36477318 0.93692446 -0.3127579 0.20362946 -0.29778105 -0.95450747 -0.010539938 0.0004966097
0.27191496 0.018886607 0.36474094 0.9275401 -0.33367592 0.20797153 -0.3187186 -0.94623166 -0.010983711 0.0006501147
0.26972473 0.019496646 0.36474487 0.9174639 -0.355073 0.21254466 -0.3400822 -0.9373276 -0.011467624 0.0007776939
0.2676 0.020080179 0.36478052 0.90670806 -0.3768829 0.21730927 -0.36181033 -0.92779434 -0.011982355 0.0008814796
0.2655446 0.020634057 0.36484337 0.8952855 -0.39903894 0.22222558 -0.38384116 -0.9176312 -0.012518568 0.00096360286
0.2635623 0.021155145 0.36492884 0.88320875 -0.4214749 0.22725402 -0.4061132 -0.9068371 -0.013066944 0.0010261956
0.2616569 0.0216403 0.3650325 0.8704903 -0.4441243 0.23235495 -0.42856482 -0.8954112 -0.013618153 0.0010713896
0.25983232 0.022086386 0.3651498 0.857143 -0.46692085 0.23748873 -0.4511344 -0.88335276 -0.01416287 0.0011013173
0.25809222 0.02249026 0.36527622 0.8431792 -0.48979813 0.24261571 -0.47376034 -0.8706607 -0.01469177 0.0011181101
0.25644058 0.02284878 0.36540735 0.82861173 -0.51268977 0.24769625 -0.49638116 -0.8573341 -0.015195529 0.0011239001
0.25488108 0.023158804 0.36553854 0.8134532 -0.53552926 0.2526907 -0.518935 -0.8433723 -0.015664814 0.001120819
0.2534176 0.023417195 0.36566544 0.79771614 -0.55825025 0.25755942 -0.5413604 -0.8287743 -0.016090302 0.0011109986
0.252054 0.02362081 0.3657834 0.7814132 -0.58078635 0.26226276 -0.5635956 -0.81353915 -0.016462669 0.0010965705
0.250794 0.02376651 0.365888 0.764557 -0.60307115 0.26676106 -0.58557916 -0.7976661 -0.016772585 0.0010796671
0.24964146 0.023851156 0.36597472 0.7471602 -0.6250384 0.27101472 -0.60724944 -0.78115416 -0.017010726 0.0010624198
0.24860021 0.023871604 0.36603904 0.7292352 -0.6466216 0.2749841 -0.6285448 -0.76400244 -0.01716777 0.0010469605
0.24767406 0.023824716 0.36607644 0.7107949 -0.6677542 0.2786295 -0.6494036 -0.74621016 -0.017234381 0.0010354215
0.24686682 0.023707349 0.36608243 0.6918519 -0.6883699 0.2819113 -0.6697642 -0.72777635 -0.017201237 0.0010299339
0.2461823 0.023516363 0.3660525 0.67241865 -0.70840245 0.2847899 -0.68956506 -0.7087002 -0.017059017 0.0010326302
0.24562432 0.023248618 0.36598217 0.65250796 -0.72778535 0.28722557 -0.7087445 -0.6889807 -0.01679839 0.001045642
0.2451967 0.022900974 0.36586693 0.63213223 -0.7464522 0.28917876 -0.727241 -0.6686171 -0.016410029 0.0010711006
0.24490325 0.02247029 0.3657022 0.6113043 -0.7643366 0.29060978 -0.74499285 -0.6476085 -0.015884612 0.0011111386
0.24474779 0.021953423 0.36548355 0.5900365 -0.78137225 0.291479 -0.7619386 -0.6259538 -0.015212802 0.0011678879
0.24473286 0.021348516 0.3652074 0.5683507 -0.79750824 0.29175603 -0.77803063 -0.6036662 -0.014389194 0.0012427255
0.24485575 0.020658819 0.36487395 0.54630405 -0.8127569 0.2914478 -0.793279 -0.58081317 -0.013423981 0.001334013
0.24511254 0.01988887 0.36448437 0.5239628 -0.82714593 0.29057026 -0.8077078 -0.55747646 -0.012331283 0.001439357
0.24549922 0.019043198 0.3640399 0.50139326 -0.84070325 0.2891397 -0.82134116 -0.5337375 -0.011125202 0.0015563641
0.24601191 0.018126339 0.3635416 0.47866148 -0.8534565 0.2871721 -0.8342032 -0.5096777 -0.009819852 0.0016826415
0.2466466 0.017142823 0.3629907 0.45583388 -0.8654337 0.28468367 -0.846318 -0.48537856 -0.008429344 0.0018157961
0.24739932 0.016097188 0.36238837 0.43297657 -0.8766625 0.28169048 -0.8577097 -0.46092173 -0.0069677895 0.0019534347
0.24826615 0.014993962 0.3617357 0.41015583 -0.8871709 0.27820864 -0.8684025 -0.43638864 -0.005449293 0.0020931638
0.24924308 0.013837665 0.36103398 0.38743764 -0.8969867 0.27425426 -0.8784206 -0.41186047 -0.0038879523 0.0022325926
0.25032622 0.012632863 0.36028427 0.36488873 -0.9061375 0.26984352 -0.8877878 -0.38741937 -0.0022979118 0.0023693237
0.2515115 0.011384072 0.35948783 0.34257507 -0.9146513 0.26499248 -0.8965286 -0.36314654 -0.00069326535 0.0025009667
0.25279504 0.010095824 0.3586457 0.32056296 -0.92255586 0.25971732 -0.9046669 -0.3391235 0.00091187656 0.0026251278
0.25417292 0.0087726535 0.35775918 0.29891852 -0.929879 0.25403407 -0.9122268 -0.3154317 0.0025034044 0.0027394136
0.25564107 0.007419094 0.35682935 0.27770805 -0.93664867 0.24795888 -0.91923255 -0.29215267 0.0040672086 0.0028414316
0.2571956 0.006039679 0.35585743 0.2569978 -0.94289243 0.2415079 -0.9257083 -0.26936796 0.005589176 0.002928788
0.25883254 0.0046389396 0.35484457 0.236854 -0.9486383 0.23469722 -0.93167806 -0.24715908 0.007055197 0.0029990904
0.26054794 0.0032214131 0.35379192 0.21734285 -0.95391417 0.22754297 -0.93716604 -0.22560745 0.008451166 0.0030499455
0.2623378 0.0017916295 0.3527007 0.19853058 -0.95874757 0.22006121 -0.94219637 -0.20479465 0.009762963 0.0030789594
0.26419818 0.00035412237 0.351572 0.18048345 -0.9631666 0.21226814 -0.9467931 -0.18480217 0.010976486 0.00308374
0.26612514 -0.001086574 0.35040703 0.16326767 -0.9671989 0.20417985 -0.9509804 -0.16571155 0.01207762 0.0030618932
0.26811472 -0.0025259275 0.34920692 0.1469495 -0.9708724 0.19581242 -0.9547825 -0.14760423 0.013052259 0.0030110271
0.27016294 -0.0039594206 0.3479729 0.13159499 -0.9742149 0.1871819 -0.9582234 -0.13056155 0.013886295 0.0029287457
0.27226585 -0.0053824876 0.3467061 0.11727071 -0.97725415 0.17830458 -0.9613272 -0.114665434 0.014565606 0.0028126594
0.27441946 -0.00679061 0.3454077 0.10404272 -0.9800181 0.16919652 -0.9641181 -0.09999718 0.015076086 0.0026603737
0.27661985 -0.008179257 0.34407884 0.09197727 -0.98253435 0.15987381 -0.9666202 -0.0866383 0.015403623 0.0024694945
0.27886266 -0.009544147 0.34272072 0.08112046 -0.9848276 0.15035477 -0.96885556 -0.07464632 0.015538794 0.0022386983
0.28114188 -0.010882017 0.3413346 0.07143795 -0.98690844 0.14066662 -0.97083706 -0.06398299 0.015490892 0.001970931
0.28345117 -0.012189852 0.33992174 0.062875286 -0.9887848 0.13083874 -0.972576 -0.05458608 0.015273893 0.0016702084
0.2857842 -0.013464641 0.3384833 0.05537802 -0.990464 0.12090056 -0.97408324 -0.04639338 0.01490178 0.0013405457
0.28813457 -0.014703371 0.33702067 0.04889165 -0.9919535 0.11088143 -0.9753698 -0.039342634 0.014388531 0.0009859586
0.29049593 -0.015903031 0.33553502 0.043361757 -0.9932611 0.100810826 -0.9764467 -0.033371665 0.013748117 0.0006104612
0.29286188 -0.017060608 0.33402762 0.03873386 -0.99439406 0.090718105 -0.97732496 -0.028418211 0.012994522 0.00021807034
0.2952261 -0.018173091 0.33249977 0.034953512 -0.9953601 0.08063269 -0.9780154 -0.024420071 0.012141721 -0.00018720003
0.29758218 -0.019237466 0.33095264 0.03196625 -0.99616665 0.07058397 -0.97852933 -0.021315016 0.011203694 -0.0006013345
0.29992384 -0.020250734 0.32938755 0.029717587 -0.9968214 0.060601253 -0.9788775 -0.019040802 0.010194402 -0.0010203226
0.3022446 -0.021209856 0.32780573 0.02815312 -0.99733174 0.05071416 -0.9790709 -0.017535252 0.009127855 -0.0014401383
0.30453816 -0.022111837 0.32620847 0.027218357 -0.9977052 0.040952 -0.9791206 -0.016736118 0.008018012 -0.0018567725
0.30679816 -0.022953663 0.32459697 0.02685884 -0.9979494 0.031344157 -0.97903764 -0.016581168 0.0068788556 -0.0022662098
0.3090182 -0.02373232 0.32297254 0.027020108 -0.9980719 0.02192004 -0.978833 -0.017008193 0.0057243574 -0.0026644343
0.31119198 -0.024444796 0.3213364 0.0276477 -0.99808013 0.012709059 -0.97851753 -0.017954957 0.004568504 -0.0030474311
0.31331304 -0.02508808 0.3196898 0.028687157 -0.99798167 0.0037406161 -0.97810245 -0.019359242 0.0034252675 -0.0034111852
0.3153751 -0.02565916 0.31803405 0.030084025 -0.99778414 -0.004955888 -0.97759867 -0.021158827 0.0023086267 -0.0037516812
0.31737176 -0.026155023 0.31637037 0.031783834 -0.99749506 -0.013351038 -0.97701705 -0.023291485 0.0012325598 -0.004064903
0.31929666 -0.026572658 0.31469998 0.033732135 -0.9971219 -0.021415442 -0.9763688 -0.025694992 0.00021104421 -0.0043468373
0.32114342 -0.026909051 0.31302416 0.03587446 -0.99667215 -0.029119685 -0.97566473 -0.028307125 -0.0007419409 -0.0045934673
0.32290566 -0.027161194 0.3113442 0.03815636 -0.9961535 -0.036434375 -0.9749159 -0.031065665 -0.0016124193 -0.004800778
0.3245771 -0.027326066 0.3096613 0.040523365 -0.99557334 -0.043330096 -0.97413343 -0.03390839 -0.0023864117 -0.004964755
0.32615128 -0.027400665 0.30797675 0.042921044 -0.9949393 -0.04977753 -0.97332823 -0.0367731 -0.0030499455 -0.0050813826
0.3276219 -0.027381971 0.30629182 0.04529489 -0.9942589 -0.055747095 -0.9725112 -0.03959751 -0.0035890322 -0.0051466436
0.32898256 -0.027266977 0.30460772 0.047590453 -0.9935397 -0.06120949 -0.97169346 -0.042319432 -0.0039896965 -0.005156525
0.3302289 -0.027054606 0.30292544 0.04976336 -0.9927888 -0.06614325 -0.9708846 -0.044888005 -0.004241987 -0.0051088044
0.33136463 -0.026751542 0.30124444 0.051809475 -0.99201196 -0.07055871 -0.97008896 -0.047297776 -0.0043520224 -0.0050084377
0.33239552 -0.026366394 0.29956412 0.05373474 -0.9912144 -0.074474186 -0.9693094 -0.049554676 -0.0043299505 -0.0048621725
0.3333272 -0.025907787 0.29788366 0.05554509 -0.9904015 -0.07790793 -0.96854883 -0.05166462 -0.004185914 -0.0046767574
0.33416545 -0.025384333 0.2962023 0.05724647 -0.98957855 -0.08087826 -0.9678103 -0.05363354 -0.0039300597 -0.004458943
0.33491594 -0.024804654 0.29451934 0.05884482 -0.98875076 -0.083403446 -0.96709657 -0.05546734 -0.0035725269 -0.004215475
0.33558443 -0.024177363 0.292834 0.06034608 -0.9879236 -0.08550179 -0.96641064 -0.05717194 -0.003123465 -0.003953104
0.33617663 -0.02351108 0.29114556 0.06175619 -0.98710227 -0.08719159 -0.9657556 -0.058753278 -0.0025930163 -0.0036785789
0.33669817 -0.022814425 0.28945324 0.063081086 -0.986292 -0.08849111 -0.9651342 -0.06021726 -0.0019913246 -0.003398647
0.33715492 -0.022096012 0.28775632 0.06432671 -0.9854983 -0.08941867 -0.9645493 -0.061569806 -0.0013285363 -0.003120058
0.33755246 -0.021364447 0.28605402 0.06549902 -0.9847263 -0.08999255 -0.9640041 -0.06281685 -0.00061478466 -0.0028495577
0.3378966 -0.02062837 0.28434563 0.06660392 -0.9839814 -0.090231024 -0.96350133 -0.063964285 0.0001397673 -0.0025939
0.33819294 -0.019896386 0.28263044 0.06764737 -0.98326886 -0.0901524 -0.9630439 -0.06501805 0.000924984 -0.0023598312
0.33844733 -0.019177116 0.2809076 0.06863531 -0.9825939 -0.08977495 -0.96263486 -0.065984055 0.0017307205 -0.0021541002
0.33866537 -0.018479176 0.27917644 0.06957367 -0.981962 -0.08911698 -0.9622771 -0.06686823 0.002546832 -0.0019834554
0.33885288 -0.017811181 0.2774362 0.0704684 -0.98137844 -0.08819677 -0.9619734 -0.067676485 0.0033631753 -0.0018546451
0.3390155 -0.017181752 0.2756861 0.07132544 -0.9808484 -0.08703263 -0.961727 -0.06841475 0.0041696075 -0.0017744177
0.33915898 -0.016599504 0.27392542 0.07215074 -0.98037726 -0.08564283 -0.9615406 -0.069088936 0.00495598 -0.0017495225
0.33928907 -0.016073054 0.27215344 0.072950214 -0.97997034 -0.084045656 -0.96141714 -0.069704965 0.0057121515 -0.0017867084
0.33941138 -0.015611023 0.27036938 0.07372981 -0.97963285 -0.08225942 -0.9613596 -0.070268765 0.0064279772 -0.0018927241
0.33953172 -0.015222022 0.2685725 0.07449549 -0.97937024 -0.08030239 -0.96137094 -0.070786245 0.007093312 -0.0020743166
0.33965576 -0.014914675 0.26676205 0.075253166 -0.9791877 -0.07819286 -0.961454 -0.07126333 0.0076980125 -0.0023382362
0.33978924 -0.014697595 0.26493728 0.076008804 -0.9790906 -0.07594912 -0.9616118 -0.07170595 0.008231939 -0.0026912373
0.33993787 -0.014579402 0.26309747 0.07676832 -0.97908425 -0.07358947 -0.9618472 -0.072119996 0.008684934 -0.0031400584
0.34010735 -0.0145687135 0.26124185 0.077537656 -0.97917384 -0.0711322 -0.9621632 -0.07251142 0.009046862 -0.003691452
0.34030172 -0.014670866 0.2593702 0.07832133 -0.97936296 -0.0685944 -0.9625615 -0.07288547 0.009310167 -0.004348298
0.34051815 -0.0148780765 0.25748453 0.07911805 -0.97964716 -0.06598836 -0.96303916 -0.07324488 0.009477653 -0.0050979992
0.34075218 -0.01517928 0.25558725 0.07992513 -0.98002034 -0.06332518 -0.96359205 -0.07359166 0.009554712 -0.005924088
0.34099936 -0.015563419 0.25368088 0.08073984 -0.9804763 -0.060615957 -0.96421605 -0.0739279 0.009546736 -0.0068100984
0.34125513 -0.016019424 0.25176796 0.08155948 -0.98100907 -0.057871796 -0.96490705 -0.074255645 0.009459126 -0.0077395616
0.34151497 -0.01653624 0.24985088 0.08238135 -0.9816122 -0.05510379 -0.96566087 -0.074576944 0.009297266 -0.008696015
0.3417745 -0.017102795 0.2479322 0.083202735 -0.98227966 -0.05232304 -0.9664734 -0.07489386 0.009066554 -0.009662988
0.34202915 -0.017708033 0.2460144 0.08402092 -0.98300534 -0.04954064 -0.9673406 -0.07520845 0.008772382 -0.010624015
0.34227443 -0.018340888 0.24409994 0.0848332 -0.983783 -0.046767686 -0.96825814 -0.075522766 0.008420144 -0.011562629
0.34250587 -0.018990297 0.24219134 0.08563686 -0.9846064 -0.04401528 -0.96922207 -0.07583886 0.008015232 -0.012462364
0.34271896 -0.019645208 0.24029106 0.08642921 -0.98546946 -0.041294485 -0.9702283 -0.076158784 0.007563034 -0.013306763
0.34290922 -0.02029454 0.2384016 0.087207526 -0.9863661 -0.038616475 -0.97127247 -0.076484606 0.0070689563 -0.014079337
0.34307218 -0.020927237 0.23652545 0.087969095 -0.98728997 -0.035992306 -0.97235066 -0.07681836 0.0065383837 -0.014763633
0.3432033 -0.021532238 0.23466511 0.08871122 -0.988235 -0.033433072 -0.97345865 -0.077162124 0.0059767114 -0.01534318
0.34329814 -0.02209848 0.23282307 0.08943117 -0.98919487 -0.030949876 -0.9745923 -0.07751794 0.005389333 -0.015801514
0.34335214 -0.022614898 0.2310018 0.09012626 -0.9901637 -0.02855382 -0.9757476 -0.07788787 0.0047816397 -0.016122168
0.34336087 -0.02307043 0.22920378 0.09079377 -0.9911351 -0.026255995 -0.97692025 -0.07827397 0.004159027 -0.016288677
0.34331983 -0.023454016 0.22743154 0.091431 -0.992103 -0.024067506 -0.97810626 -0.07867828 0.0035268872 -0.01628457
0.3432245 -0.02375459 0.2256875 0.092035234 -0.9930611 -0.021999445 -0.97930145 -0.079102874 0.0028906134 -0.01609338
0.34307042 -0.023961088 0.22397423 0.09260376 -0.9940035 -0.020062914 -0.98050165 -0.079549804 0.0022556 -0.015698647
0.34285307 -0.024062451 0.22229417 0.09313387 -0.9949237 -0.018269008 -0.98170274 -0.080021106 0.0016272382 -0.015083898
0.34256798 -0.024047617 0.22064982 0.09362286 -0.9958158 -0.016628828 -0.9829007 -0.08051886 0.0010109222 -0.014232671
0.34221065 -0.02390552 0.21904366 0.09406801 -0.9966734 -0.015153471 -0.98409134 -0.081045106 0.0004120469 -0.013128491
0.34177655 -0.02362509 0.21747819 0.094466634 -0.9974906 -0.01385402 -0.98527044 -0.08160191 -0.00016400381 -0.01175488
0.34126127 -0.023195274 0.21595587 0.09481601 -0.99826103 -0.012741605 -0.986434 -0.08219131 -0.0007118203 -0.010095403
0.3406623 -0.022609148 0.21447895 0.09511349 -0.9989804 -0.011823231 -0.98757863 -0.08281486 -0.0012273048 -0.008144869
0.33998555 -0.021876343 0.21304846 0.095356785 -0.9996518 -0.011089617 -0.98870426 -0.083472 -0.0017114931 -0.0059432453
0.33923888 -0.021010637 0.21166515 0.095543645 -1.0002803 -0.010527404 -0.9898118 -0.084161654 -0.0021667096 -0.0035418002
0.33843014 -0.020025799 0.21032979 0.095671855 -1.0008706 -0.010123236 -0.99090177 -0.08488274 -0.0025952775 -0.0009918008
0.33756727 -0.018935606 0.20904316 0.09573915 -1.0014278 -0.009863753 -0.99197525 -0.08563423 -0.0029995204 0.0016554911
0.33665818 -0.017753836 0.20780599 0.095743306 -1.0019567 -0.009735599 -0.9930327 -0.086415 -0.0033817617 0.00434882
0.33571076 -0.016494252 0.20661908 0.0956821 -1.0024624 -0.009725416 -0.9940751 -0.08722401 -0.0037443254 0.0070369113
0.3347329 -0.015170639 0.20548318 0.09555328 -1.0029497 -0.009819846 -0.99510324 -0.08806017 -0.0040895343 0.009668507
0.33373243 -0.013796767 0.20439906 0.09535462 -1.0034237 -0.01000553 -0.9961177 -0.08892242 -0.0044197123 0.012192339
0.33271736 -0.012386409 0.20336747 0.09508388 -1.0038891 -0.010269112 -0.99711925 -0.089809686 -0.004737183 0.014557149
0.3316955 -0.01095334 0.20238917 0.09473883 -1.004351 -0.010597234 -0.99810886 -0.09072089 -0.0050442703 0.016711675
0.33067477 -0.009511333 0.20146495 0.09431723 -1.0048143 -0.010976536 -0.99908715 -0.09165498 -0.0053432966 0.018604646
0.32966307 -0.008074164 0.20059553 0.09381685 -1.0052838 -0.011393664 -1.000055 -0.09261086 -0.0056365863 0.020184807
0.32866833 -0.0066556055 0.19978172 0.09323545 -1.0057647 -0.011835258 -1.0010129 -0.093587466 -0.0059264633 0.021400888
0.3276984 -0.0052694334 0.19902427 0.0925708 -1.0062617 -0.012287959 -1.001962 -0.09458373 -0.00621525 0.022201624
0.3267612 -0.0039294166 0.19832394 0.09182064 -1.0067799 -0.012738412 -1.0029027 -0.09559856 -0.006505271 0.02253576
0.32586455 -0.002649337 0.19768149 0.090982765 -1.0073241 -0.013173258 -1.0038362 -0.096630916 -0.0067988494 0.022352025
0.32501644 -0.0014429335 0.19709766 0.090054914 -1.0078993 -0.013579148 -1.0047629 -0.097679734 -0.0070983157 0.021599133
0.32422477 -0.00032404438 0.19657327 0.089034885 -1.0085104 -0.0139427055 -1.0056835 -0.0987439 -0.0074059796 0.020225853
0.32349735 0.0006935932 0.19610906 0.08792041 -1.0091624 -0.014250581 -1.0065992 -0.09982235 -0.0077241715 0.018180922
0.32284218 0.0015961993 0.19570577 0.08670928 -1.00986 -0.014489418 -1.0075104 -0.10091404 -0.008055215 0.015413046
0.32226706 0.0023700017 0.19536419 0.08539925 -1.0106086 -0.014645861 -1.008418 -0.102017865 -0.008401433 0.011871003
0.32177997 0.0030012242 0.19508508 0.08398807 -1.0114126 -0.014706548 -1.0093228 -0.10313277 -0.008765151 0.007503487
0.32138872 0.003476102 0.1948692 0.082473524 -1.0122774 -0.014658126 -1.0102254 -0.104257695 -0.00914869 0.0022592768
0.32110128 0.0037808493 0.1947173 0.08085337 -1.0132076 -0.01448723 -1.0111268 -0.10539155 -0.009554375 -0.0039129257
0.3209232 0.0039062076 0.19462898 0.07912756 -1.0142063 -0.014183873 -1.0120265 -0.10653197 -0.009983485 -0.011025432
0.32085094 0.0038609554 0.19459902 0.07730484 -1.015268 -0.013751508 -1.0129206 -0.10767142 -0.0104331225 -0.018934889
0.32087857 0.0036583832 0.19462101 0.07539613 -1.0163857 -0.013196959 -1.0138035 -0.108801045 -0.0108993435 -0.02745898
0.3210003 0.0033117724 0.19468859 0.07341235 -1.0175517 -0.012527041 -1.0146704 -0.10991203 -0.011378207 -0.03641544
0.32121024 0.0028344179 0.19479531 0.07136446 -1.018759 -0.011748585 -1.0155156 -0.1109955 -0.01186577 -0.04562192
0.32150248 0.0022396045 0.19493483 0.06926336 -1.0200001 -0.010868404 -1.016334 -0.11204265 -0.012358091 -0.05489616
0.3218712 0.0015406245 0.19510072 0.06711999 -1.0212679 -0.009893319 -1.0171208 -0.11304462 -0.012851227 -0.06405586
0.32231045 0.0007507624 0.1952866 0.06494528 -1.0225549 -0.008830152 -1.0178702 -0.11399259 -0.013341235 -0.07291869
0.32281446 -0.00011669006 0.19548605 0.06275015 -1.0238538 -0.007685725 -1.0185773 -0.114877686 -0.013824174 -0.08130239
0.3233773 -0.0010484476 0.19569272 0.06054554 -1.0251572 -0.006466859 -1.0192368 -0.115691096 -0.0142961 -0.08902463
0.32399315 -0.0020312192 0.19590014 0.05834238 -1.0264581 -0.005180373 -1.0198433 -0.116423965 -0.0147530725 -0.09590314
0.324656 -0.0030517168 0.196102 0.056151584 -1.027749 -0.00383309 -1.020392 -0.11706747 -0.015191147 -0.10175558
0.32536018 -0.004096655 0.19629183 0.05398409 -1.0290225 -0.0024318285 -1.0208771 -0.117612764 -0.015606383 -0.1063997
0.32609972 -0.0051527433 0.19646327 0.05185083 -1.0302713 -0.0009834105 -1.0212938 -0.118051 -0.015994838 -0.109653175
0.3268687 -0.0062066894 0.19660991 0.049762726 -1.0314883 0.00050534215 -1.0216367 -0.11837335 -0.016352568 -0.11133369
0.32766137 -0.007245211 0.1967254 0.04773071 -1.032666 0.0020276103 -1.0219007 -0.11857097 -0.016675632 -0.11125898
0.32847175 -0.008255016 0.19680327 0.045765717 -1.033797 0.003576574 -1.0220803 -0.118635006 -0.016960088 -0.10924673
0.32929403 -0.009222817 0.19683716 0.043878663 -1.0348742 0.005145409 -1.0221704 -0.11855664 -0.017201992 -0.10511464
0.33012235 -0.010135348 0.19682068 0.042080447 -1.0358901 0.006727336 -1.0221659 -0.118327014 -0.017397406 -0.09868024
0.3309508 -0.010979275 0.19674742 0.040382076 -1.0368376 0.008315457 -1.0220615 -0.117937304 -0.017542379 -0.08976154
0.3317735 -0.011741329 0.19661099 0.038794443 -1.0377091 0.009902986 -1.0218519 -0.11737866 -0.017632972 -0.07817607
0.33258462 -0.012408229 0.19640501 0.037328467 -1.0384976 0.011483109 -1.0215319 -0.11664225 -0.01766525 -0.063741565
0.33337826 -0.01296668 0.19612303 0.03599508 -1.0391955 0.013048997 -1.0210962 -0.11571922 -0.017635262 -0.046275735
0.33414856 -0.013403396 0.19575872 0.034805216 -1.0397956 0.014593836 -1.0205398 -0.114600755 -0.017539067 -0.02559629
0.33488968 -0.013705091 0.19530565 0.0337698 -1.0402907 0.0161108 -1.0198573 -0.11327799 -0.017372724 -0.0015208721
0.33559686 -0.013862301 0.19475956 0.0328965 -1.0406755 0.017593995 -1.019046 -0.11174607 -0.01713384 0.026054155
0.33627006 -0.01388088 0.19412482 0.03217993 -1.0409544 0.019041214 -1.0181136 -0.11001601 -0.016826198 0.056918137
0.3369104 -0.013770511 0.19340794 0.031611443 -1.0411332 0.020451173 -1.0170703 -0.10810281 -0.016455133 0.09078175
0.3375189 -0.013540873 0.19261537 0.031182397 -1.0412182 0.02182259 -1.0159262 -0.10602145 -0.016025975 0.12735572
0.33809668 -0.013201652 0.19175366 0.03088414 -1.0412157 0.023154184 -1.0146917 -0.10378692 -0.015544068 0.16635077
0.33864486 -0.012762524 0.19082928 0.030708032 -1.041132 0.02444467 -1.0133767 -0.10141421 -0.015014736 0.20747763
0.33916453 -0.0122331735 0.18984869 0.030645419 -1.0409732 0.025692767 -1.0119916 -0.098918326 -0.014443319 0.25044695
0.3396567 -0.011623283 0.18881848 0.030687662 -1.0407456 0.026897192 -1.0105467 -0.096314244 -0.013835147 0.2949695
0.34012258 -0.010942531 0.18774506 0.030826109 -1.0404555 0.028056659 -1.0090518 -0.093616955 -0.013195556 0.3407559
0.3405632 -0.010200601 0.18663497 0.031052116 -1.040109 0.02916989 -1.0075173 -0.09084146 -0.012529877 0.387517
0.34097964 -0.009407174 0.1854947 0.031357035 -1.0397124 0.0302356 -1.0059537 -0.08800273 -0.011843445 0.43496335
0.34137303 -0.008571933 0.18433076 0.031732224 -1.039272 0.031252507 -1.0043707 -0.085115775 -0.011141595 0.4828058
0.3417444 -0.0077045565 0.1831496 0.032169037 -1.0387938 0.032219328 -1.0027786 -0.082195565 -0.010429661 0.530755
0.34209487 -0.006814728 0.18195777 0.03265882 -1.0382843 0.033134777 -1.0011879 -0.079257116 -0.009712974 0.5785216
0.34242558 -0.005912129 0.18076172 0.033192933 -1.0377495 0.033997577 -0.99960846 -0.07631541 -0.00899687 0.62581646
0.34273756 -0.0050064395 0.179568 0.033762723 -1.0371957 0.03480644 -0.99805063 -0.07338543 -0.008286683 0.67235017
0.3430319 -0.0041073435 0.17838305 0.034359552 -1.0366293 0.035560086 -0.9965246 -0.07048218 -0.007587745 0.7178334
0.34330976 -0.003224519 0.17721343 0.034974772 -1.0360563 0.036257233 -0.9950404 -0.06762063 -0.006905391 0.76197696
0.34357214 -0.0023676306 0.17606556 0.035599746 -1.0354831 0.036896612 -0.9936085 -0.064815715 -0.0062449398 0.8044926
0.34382018 -0.0015463997 0.17494601 0.036225803 -1.0349158 0.037476912 -0.9922389 -0.062082566 -0.005611755 0.84508884
0.344055 -0.0007704878 0.17386125 0.03684431 -1.0343606 0.037996866 -0.99094176 -0.059436098 -0.005011157 0.88347757
0.34427762 -4.95743e-05 0.17281777 0.03744662 -1.033824 0.038455185 -0.9897274 -0.056891304 -0.0044484762 0.9193693
0.34448916 0.000606657 0.17182207 0.038024087 -1.033312 0.03885059 -0.988606 -0.054463178 -0.003929049 0.95247495
0.3446907 0.0011885269 0.17088065 0.03856807 -1.0328308 0.0391818 -0.98758763 -0.0521667 -0.003458208 0.98250514
0.3448834 0.0016863514 0.17 0.039069906 -1.0323868 0.039447527 -0.9866826 -0.050016876 -0.003041288 1.0091707
0.345068 0.002092895 0.16918594 0.039522886 -1.0319843 0.039648496 -0.985898 -0.048025716 -0.0026826356 1.0322621
0.3452444 0.0024106966 0.16844144 0.03992794 -1.0316215 0.039793443 -0.9852289 -0.04619336 -0.0023826621 1.0518905
0.34541208 0.0026447435 0.16776885 0.040287934 -1.0312941 0.039893094 -0.984667 -0.044516973 -0.0021407888 1.0682466
0.34557062 0.002800018 0.16717045 0.040605716 -1.0309983 0.039958198 -0.9842045 -0.042993724 -0.0019564407 1.0815217
0.34571952 0.002881507 0.16664854 0.040884163 -1.0307305 0.03999947 -0.98383313 -0.041620787 -0.0018290397 1.0919063
0.34585837 0.0028941943 0.16620547 0.04112612 -1.0304865 0.040027663 -0.9835449 -0.040395316 -0.0017580108 1.0995916
0.34598675 0.0028430647 0.16584349 0.041334458 -1.0302626 0.04005351 -0.9833316 -0.03931449 -0.0017427766 1.1047684
0.34610417 0.0027331032 0.16556495 0.041512027 -1.0300548 0.040087737 -0.9831853 -0.038375467 -0.0017827614 1.1076277
0.34621018 0.0025692943 0.16537215 0.04166169 -1.0298593 0.04014109 -0.98309785 -0.037575424 -0.0018773881 1.1083604
0.34630436 0.0023566228 0.16526738 0.041786306 -1.0296723 0.0402243 -0.9830612 -0.036911517 -0.0020260802 1.1071575
0.34638622 0.0021000747 0.16525298 0.04188874 -1.0294896 0.040348098 -0.9830673 -0.036380924 -0.0022282614 1.1042097
0.34645534 0.0018046335 0.16533123 0.041971844 -1.0293077 0.040523227 -0.9831079 -0.035980813 -0.0024833549 1.0997083
0.34651124 0.0014752846 0.16550446 0.042038478 -1.0291225 0.040760417 -0.9831752 -0.03570834 -0.002790785 1.0938438
0.34655353 0.0011170127 0.16577494 0.042091504 -1.0289302 0.04107041 -0.9832609 -0.035560682 -0.0031499744 1.0868075
0.3465817 0.00073480234 0.16614503 0.042133786 -1.0287267 0.04146393 -0.9833571 -0.035535 -0.003560347 1.0787902
0.34659532 0.00033363933 0.16661699 0.042168174 -1.0285084 0.041951723 -0.9834555 -0.035628468 -0.004021326 1.0699828
0.34659392 -8.149259e-05 0.16719316 0.042197533 -1.0282714 0.04254452 -0.98354816 -0.035838246 -0.0045323353 1.0605762
0.34657708 -0.00050560804 0.16787583 0.042224724 -1.0280117 0.043253057 -0.98362696 -0.036161505 -0.0050927983 1.0507613
0.34654433 -0.0009337226 0.16866732 0.042252608 -1.0277253 0.044088073 -0.9836839 -0.03659541 -0.005702138 1.0407293
0.34649524 -0.0013608611 0.16956997 0.042284034 -1.0274086 0.04506032 -0.9837108 -0.03713715 -0.006359795 1.0306704
0.34642935 -0.0017820182 0.17058602 0.042321876 -1.0270575 0.046180498 -0.9836997 -0.03778386 -0.007065161 1.0207765
0.34634623 -0.00219222 0.17171781 0.04236898 -1.0266683 0.047459356 -0.9836424 -0.03853272 -0.007817674 1.0112381
0.34624538 -0.0025864814 0.17296764 0.04242821 -1.0262369 0.04890763 -0.9835308 -0.039380897 -0.0086167585 1.002246
0.34612638 -0.0029598174 0.17433783 0.042502433 -1.0257597 0.050536055 -0.983357 -0.04032556 -0.009461838 0.9939914
0.34598878 -0.0033072424 0.17583068 0.0425945 -1.0252324 0.05235537 -0.98311275 -0.041363873 -0.010352336 0.986665
0.345833 -0.0036245422 0.17744702 0.042706925 -1.0246528 0.054370604 -0.9827926 -0.042492267 -0.011287171 0.98041594
0.3456628 -0.003910576 0.17918181 0.04284083 -1.0240227 0.05656395 -0.9824012 -0.04370421 -0.012263249 0.9752261
0.34548295 -0.0041649737 0.1810285 0.042996995 -1.0233457 0.058911912 -0.9819458 -0.04499244 -0.01327697 0.97103524
0.34529802 -0.0043873647 0.18298054 0.043176193 -1.022625 0.06139098 -0.9814336 -0.04634969 -0.014324737 0.9677834
0.34511274 -0.0045773787 0.18503141 0.04337919 -1.0218642 0.06397764 -0.9808719 -0.04776868 -0.0154029485 0.96541035
0.3449318 -0.0047346447 0.18717459 0.043606773 -1.0210664 0.066648394 -0.9802678 -0.049242154 -0.016508006 0.9638562
0.34475982 -0.0048587928 0.1894035 0.04385971 -1.0202353 0.06937973 -0.97962874 -0.05076284 -0.01763631 0.96306074
0.3446015 -0.0049494514 0.19171166 0.044138774 -1.019374 0.072148144 -0.9789617 -0.052323475 -0.018784264 0.96296394
0.3444615 -0.00500625 0.19409248 0.044444747 -1.018486 0.07493013 -0.9782741 -0.053916782 -0.019948266 0.9635056
0.34434453 -0.0050288197 0.19653946 0.0447784 -1.0175745 0.07770219 -0.97757316 -0.055535503 -0.02112472 0.96462584
0.3442552 -0.005016788 0.19904606 0.04514051 -1.0166433 0.080440804 -0.9768659 -0.057172365 -0.022310022 0.9662645
0.34419826 -0.004969786 0.20160572 0.045531843 -1.0156953 0.08312246 -0.9761598 -0.0588201 -0.023500578 0.9683614
0.34417832 -0.0048874416 0.20421194 0.045953184 -1.0147341 0.085723676 -0.97546196 -0.060471438 -0.024692789 0.9708566
0.34420004 -0.0047693853 0.20685816 0.046405308 -1.0137632 0.088220924 -0.9747797 -0.062119123 -0.02588305 0.9736899
0.34426814 -0.0046152463 0.20953786 0.04688898 -1.0127857 0.09059071 -0.97412014 -0.06375587 -0.02706777 0.9768013
0.3443873 -0.004424654 0.21224448 0.047404982 -1.0118052 0.09280951 -0.9734906 -0.06537443 -0.02824334 0.98013073
0.34456217 -0.0041972375 0.21497151 0.04795409 -1.0108248 0.09485384 -0.97289824 -0.06696752 -0.029406171 0.983618
0.34479743 -0.003932627 0.21771239 0.048537083 -1.0098482 0.09670018 -0.97235036 -0.06852788 -0.03055266 0.9872031
0.34509772 -0.0036304512 0.22046062 0.04915472 -1.0088786 0.09832503 -0.9718541 -0.070048235 -0.031679206 0.990826
0.34546775 -0.0032903394 0.22320963 0.049807787 -1.0079194 0.09970487 -0.9714167 -0.07152133 -0.032782212 0.9944266
0.3459122 -0.0029119127 0.22595297 0.050497077 -1.006974 0.100816235 -0.97104555 -0.07293991 -0.033858098 0.99794483
0.3464357 -0.0024948178 0.22868395 0.05122333 -1.0060458 0.10163556 -0.9707477 -0.07429667 -0.03490323 1.0013205
0.34704298 -0.002038676 0.23139612 0.051987335 -1.005138 0.102139354 -0.97053045 -0.07558434 -0.035914015 1.0044935
0.34773862 -0.0015431163 0.23408295 0.05278987 -1.0042543 0.10230413 -0.97040105 -0.07679568 -0.036886867 1.007404
0.3485274 -0.0010077679 0.23673789 0.053631704 -1.0033978 0.10210637 -0.9703667 -0.07792342 -0.037818186 1.0099916
0.34941164 -0.0004332601 0.23935609 0.054513067 -1.0025713 0.10153077 -0.97043264 -0.07896231 -0.038705137 1.0122098
0.35038453 0.00017578341 0.24193934 0.055431973 -1.001775 0.100594774 -0.97059613 -0.079915285 -0.039547954 1.0140646
0.35143697 0.0008137394 0.24449119 0.05638589 -1.0010085 0.099324025 -0.97085255 -0.08078729 -0.040347654 1.0155756
0.35255986 0.001474984 0.24701512 0.057372287 -1.0002711 0.09774419 -0.9711971 -0.08158328 -0.041105237 1.0167626
0.35374412 0.0021538935 0.24951461 0.058388628 -0.9995626 0.09588092 -0.9716251 -0.0823082 -0.041821722 1.0176448
0.3549806 0.0028448459 0.25199318 0.05943238 -0.9988823 0.093759835 -0.97213197 -0.08296701 -0.042498097 1.0182419
0.3562602 0.0035422163 0.25445434 0.06050101 -0.99822986 0.09140662 -0.9727129 -0.08356467 -0.043135382 1.0185733
0.35757387 0.0042403825 0.25690156 0.061591983 -0.99760467 0.08884689 -0.9733631 -0.08410612 -0.043734573 1.0186586
0.35891244 0.0049337205 0.25933832 0.06270277 -0.99700636 0.08610632 -0.974078 -0.084596306 -0.04429669 1.0185175
0.36026683 0.005616607 0.2617682 0.06383083 -0.9964344 0.08321056 -0.97485286 -0.0850402 -0.04482273 1.0181694
0.36162797 0.0062834187 0.26419464 0.06497364 -0.9958884 0.08018523 -0.97568303 -0.08544275 -0.04531371 1.0176338
0.36298668 0.0069285324 0.2666211 0.066128656 -0.99536777 0.077056006 -0.97656375 -0.0858089 -0.045770623 1.0169302
0.36433393 0.0075463247 0.26905122 0.06729336 -0.9948721 0.07384852 -0.9774903 -0.0861436 -0.046194486 1.0160782
0.36566058 0.0081311725 0.27148837 0.0684652 -0.99440086 0.070588425 -0.9784579 -0.08645181 -0.046586305 1.0150975
0.36695752 0.008677451 0.27393606 0.06964165 -0.99395365 0.067301385 -0.97946215 -0.0867385 -0.046947084 1.0140073
0.36821565 0.009179539 0.27639782 0.07082018 -0.9935299 0.064013034 -0.9804981 -0.08700858 -0.047277827 1.0128275
0.36942586 0.009631813 0.2788772 0.07199826 -0.99312925 0.060749017 -0.981561 -0.08726704 -0.047579546 1.0115774
0.37057906 0.010028646 0.2813776 0.07317335 -0.9927511 0.05753498 -0.98264635 -0.08751882 -0.047853246 1.0102766
0.3716662 0.010364419 0.2839026 0.07434292 -0.9923951 0.054396592 -0.9837493 -0.08776887 -0.04809994 1.0089445
0.372678 0.010633508 0.2864556 0.07550444 -0.99206066 0.05135949 -0.9848651 -0.08802214 -0.04832062 1.0076008
0.37360558 0.010830291 0.28904027 0.07665538 -0.9917473 0.048449248 -0.9859893 -0.088283606 -0.04851631 1.0062649
0.3744397 0.010949137 0.29165995 0.07779318 -0.99145466 0.04569167 -0.98711693 -0.08855818 -0.048688002 1.0049565
0.37517124 0.010984428 0.29431817 0.07891533 -0.99118215 0.043112315 -0.9882434 -0.08885085 -0.04883671 1.0036951
0.37579113 0.01093054 0.29701847 0.08001929 -0.99092937 0.040736847 -0.989364 -0.08916655 -0.048963442 1.0025003
0.37629032 0.01078185 0.2997643 0.08110253 -0.9906958 0.038590908 -0.9904741 -0.08951024 -0.049069203 1.0013914
0.37666202 0.010534342 0.30255833 0.08216308 -0.9904809 0.03669417 -0.9915697 -0.08988582 -0.049154963 1.0003841
0.37690905 0.010190425 0.3053994 0.08320132 -0.99028397 0.035042405 -0.99265075 -0.09029303 -0.04922156 0.9994782
0.3770366 0.009754118 0.30828565 0.08421816 -0.9901043 0.03362541 -0.9937177 -0.09073055 -0.049269788 0.99866945
0.3770499 0.009229435 0.31121504 0.08521454 -0.9899412 0.032432966 -0.9947712 -0.09119704 -0.04930045 0.99795365
0.37695414 0.008620397 0.31418568 0.08619138 -0.9897937 0.03145487 -0.9958118 -0.09169121 -0.04931434 0.9973264
0.37675446 0.007931017 0.31719553 0.08714962 -0.9896613 0.03068092 -0.9968403 -0.09221173 -0.049312264 0.9967836
0.37645608 0.0071653146 0.32024267 0.08809018 -0.9895431 0.030100904 -0.99785715 -0.09275729 -0.04929501 0.99632114
0.37606427 0.006327306 0.32332516 0.089014 -0.9894384 0.029704621 -0.998863 -0.09332657 -0.04926338 0.9959346
0.37558413 0.005421007 0.326441 0.08992201 -0.9893464 0.029481856 -0.99985844 -0.093918234 -0.049218174 0.9956199
0.37502086 0.004450437 0.3295882 0.090815134 -0.9892665 0.029422406 -1.0008441 -0.094531 -0.049160197 0.99537283
0.3743797 0.003419612 0.33276486 0.09169431 -0.9891978 0.029516065 -1.0018207 -0.09516351 -0.049090236 0.99518895
0.37366584 0.0023325481 0.33596903 0.092560455 -0.98913956 0.029752623 -1.0027887 -0.095814474 -0.0490091 0.99506426
0.37288445 0.0011932636 0.33919865 0.093414515 -0.98909104 0.030121874 -1.0037487 -0.096482575 -0.048917577 0.99499446
0.3720407 5.7742e-06 0.34245187 0.09425741 -0.9890516 0.030613612 -1.0047014 -0.09716648 -0.048816472 0.9949753
0.37113982 -0.0012259027 0.34572667 0.09509007 -0.98902035 0.03121763 -1.0056473 -0.09786488 -0.048706584 0.99500275
0.370187 -0.002497749 0.34902108 0.095913425 -0.9889966 0.031923715 -1.0065871 -0.09857646 -0.048588715 0.99507225
0.36918744 -0.0038057487 0.35233313 0.096728414 -0.9889796 0.03272167 -1.0075215 -0.09929989 -0.048463654 0.99517983
0.36814636 -0.0051458846 0.35566092 0.09753596 -0.9889686 0.033601277 -1.008451 -0.100033864 -0.048332207 0.9953212
0.3670689 -0.0065141385 0.3590024 0.098336995 -0.9889629 0.03455234 -1.0093763 -0.10077706 -0.048195165 0.9954921
0.36596024 -0.007906496 0.3623557 0.09913245 -0.98896164 0.03556464 -1.0102978 -0.101528175 -0.04805334 0.9956884
0.36482564 -0.0093189385 0.36571878 0.09992325 -0.9889641 0.036627978 -1.0112163 -0.10228587 -0.047907516 0.99590576
0.36367023 -0.010747483 0.3690898 0.100710355 -0.9889696 0.037732173 -1.0121323 -0.103048846 -0.047758494 0.99613994
0.36249927 -0.012188044 0.37246668 0.10149465 -0.9889774 0.03886696 -1.0130465 -0.103815764 -0.047607083 0.9963869
0.3613179 -0.01363664 0.3758474 0.10227708 -0.98898655 0.040022165 -1.0139595 -0.10458532 -0.047454074 0.9966423
0.36013135 -0.015089253 0.37923014 0.10305858 -0.98899657 0.041187577 -1.0148718 -0.10535619 -0.047300264 0.99690187
0.3589448 -0.016541867 0.38261288 0.103840075 -0.9890065 0.04235299 -1.0157841 -0.10612705 -0.047146454 0.9971614
0.35776344 -0.017990462 0.3859936 0.104622506 -0.98901576 0.043508194 -1.0166972 -0.10689661 -0.046993446 0.99741685
0.35659248 -0.019431023 0.38937047 0.1054068 -0.9890235 0.04464298 -1.0176114 -0.10766353 -0.046842035 0.99766374
0.3554371 -0.020859534 0.39274138 0.106193885 -0.98902905 0.04574715 -1.0185275 -0.10842649 -0.046693016 0.99789804
0.3543025 -0.022271976 0.39610448 0.10698468 -0.98903155 0.04681049 -1.0194459 -0.109184176 -0.046547193 0.99811536
0.35319385 -0.023664335 0.39945778 0.107780136 -0.9890303 0.047822796 -1.0203674 -0.1099353 -0.046405364 0.99831164
0.3521164 -0.025032591 0.40279928 0.10858117 -0.9890246 0.048773855 -1.0212927 -0.110678494 -0.04626833 0.9984825
0.35107526 -0.026372725 0.40612704 0.109388724 -0.9890135 0.049653467 -1.022222 -0.111412466 -0.04613688 0.99862397
0.35007572 -0.027680725 0.40943912 0.1102037 -0.9889965 0.05045142 -1.0231564 -0.1121359 -0.046011817 0.9987315
0.3491229 -0.028952572 0.41273355 0.11102706 -0.9889728 0.051157508 -1.0240964 -0.11284748 -0.045893945 0.998801
0.34822205 -0.03018425 0.41600835 0.111859724 -0.98894155 0.05176153 -1.0250423 -0.11354588 -0.045784056 0.9988284
0.34737825 -0.031371742 0.41926157 0.11270262 -0.9889021 0.05225327 -1.025995 -0.11422978 -0.04568295 0.9988092
0.3465969 -0.032511026 0.42249116 0.11355667 -0.98885363 0.052622523 -1.026955 -0.11489788 -0.045591436 0.9987395
0.345883 -0.03359809 0.4256953 0.11442283 -0.9887954 0.052859087 -1.027923 -0.11554884 -0.045510296 0.9986147
0.34524184 -0.03462892 0.428872 0.115302 -0.9887266 0.052952748 -1.0288994 -0.11618136 -0.04544034 0.998431
0.3446786 -0.035599492 0.43201923 0.11619513 -0.9886467 0.052893303 -1.029885 -0.11679412 -0.045382354 0.9981838
0.34419847 -0.03650579 0.43513507 0.11710312 -0.9885547 0.05267054 -1.0308807 -0.117385805 -0.04533715 0.9978691
0.34380656 -0.0373438 0.43821752 0.11802696 -0.98845005 0.052274257 -1.0318866 -0.11795508 -0.045305524 0.99748266
0.3435082 -0.038109507 0.4412647 0.1189675 -0.98833185 0.051694248 -1.0329034 -0.118500635 -0.045288265 0.99702007
0.3433086 -0.038798887 0.44427454 0.11992575 -0.9881995 0.050920304 -1.0339317 -0.119021155 -0.045286186 0.99647737
0.3432128 -0.039407928 0.44724518 0.12090259 -0.988052 0.049942218 -1.0349724 -0.11951532 -0.045300074 0.99585015
