0.0 0.0 0.0 0.0 0.0 0.0 0.0 839.0
0.0 0.0 0.0 0.0 0.0 0.0 0.0 840.0
0.0 0.0 0.0 0.0 0.0 0.0 0.0 840.0
0.0 0.0 0.0 0.0 0.0 0.0 0.0 840.0
0.0 0.0 0.0 0.0 0.0 0.0 0.0 840.0
0.0 0.0 0.0 0.0 0.0 0.0 0.0 839.0
0.0 0.0 0.0 0.0 0.0 0.0 0.0 840.0
0.0 0.0 0.0 0.0 0.0 0.0 0.0 840.0
0.0 0.0 0.0 0.0 0.0 0.0 0.0 839.0
0.0 0.0 0.0 0.0 0.0 0.0 0.0 840.0
0.0 0.0 0.0 0.0 0.0 0.0 0.0 840.0
0.0 0.0 0.0 0.0 0.0 0.0 0.0 840.0
0.0 0.0 0.0 0.0 0.0 0.0 0.0 840.0
0.0 0.0 0.0 0.0 0.0 0.0 0.0 840.0
0.0 0.0 0.0 0.0 0.0 0.0 0.0 840.0
0.0 0.0 0.0 0.0 0.0 0.0 0.0 840.0
0.0 0.0 0.0 0.0 0.0 0.0 0.0 840.0
0.0 0.0 0.0 0.0 0.0 0.0 0.0 840.0
0.0 0.0 0.0 0.0 0.0 0.0 0.0 840.0
0.0 0.0 0.0 0.0 0.0 0.0 0.0 840.0
0.0 0.0 0.0 0.0 0.0 0.0 0.0 840.0
0.0 0.0 0.0 0.0 0.0 0.0 0.0 840.0
0.0 0.0 0.0 0.0 0.0 0.0 0.0 839.0
0.0 0.0 0.0 0.0 0.0 0.0 0.0 840.0
0.0 0.0 0.0 0.0 0.0 0.0 0.0 840.0
0.0 0.0 0.0 0.0 0.0 0.0 0.0 840.0
0.0 0.0 0.0 0.0 0.0 0.0 0.0 839.0
0.0 0.0 0.0 0.0 0.0 0.0 0.0 840.0
0.0 0.0 0.0 0.0 0.0 0.0 0.0 839.0
0.0 0.0 0.0 0.0 0.0 0.0 0.0 839.0
0.0 0.0 0.0 0.0 0.0 0.0 0.0 840.0
0.0 0.0 0.0 0.0 0.0 0.0 0.0 839.0
0.0 0.0 0.0 0.0 0.0 0.0 0.0 840.0
0.0 0.0 0.0 0.0 0.0 0.0 0.0 839.0
0.0 0.0 0.0 0.0 0.0 0.0 0.0 839.0
0.0 0.0 0.0 0.0 0.0 0.0 0.0 840.0
0.0 0.0 0.0 0.0 0.0 0.0 0.0 840.0
0.0 -0.7853980063178156 0.0 0.5235990024911016 0.0 1.3089969913556248 0.0 -0.05
-0.00027199211063079633 -0.7851259967538923 -0.00023399629281487975 0.5238709946017324 -0.00027199211063079633 1.3092690009195478 -0.00026600563129645574 -0.04125
-0.003766001646783284 -0.7816320046710323 -0.0009500001651530335 0.528018001624226 -0.003766001646783284 1.3136980007892864 -0.0016879951860663156 0.00625
-0.00822100692237637 -0.777234996686483 -0.001666998875164824 0.5359860056182333 -0.008323003963862919 1.3278419919678157 -0.003107000227815266 0.00625
-0.012718004819772439 -0.7728730000067286 -0.002542997080033298 0.5448729952765857 -0.013158997161873848 1.352196997028553 -0.00466900009518011 -0.00125
-0.016437999587473155 -0.7688879944454052 -0.003295007094840095 0.5526219953560528 -0.017336006394209277 1.3744399966147443 -0.006047007352799714 -0.0025
-0.019650993660762034 -0.7654000062951721 -0.003952996222841957 0.5594500026425349 -0.020988997971925927 1.393295992801223 -0.007252994959342755 -0.0025
-0.023453996287687597 -0.7614119987675352 -0.00470600107532239 0.5673370059059571 -0.0251649949132952 1.4148249956437158 -0.008631997054635994 -0.00125
-0.02769500674369366 -0.7569210048027658 -0.005551997070349082 0.5761810081048329 -0.029866999184630524 1.4390659957977128 -0.010183996185386913 -0.00125
-0.031462003228150584 -0.7529310075997817 -0.006305001922829515 0.584056998340675 -0.03404500325463959 1.4606049993768195 -0.011562998280680152 -0.0025
-0.035696992298237265 -0.7484439929857071 -0.007150997917856206 0.5929410034860064 -0.03874400555966148 1.4848280051862284 -0.013114997411431071 -0.0025
-0.039465995911333984 -0.7444520061073755 -0.00790400277033664 0.6007880038029729 -0.04292399930501782 1.5063769920486567 -0.014494994344397947 -0.00125
-0.04323199755811726 -0.7404619914510987 -0.008657007622817074 0.6085959960111574 -0.04710200337502689 1.5279159956277637 -0.015873996439691188 -0.00125
-0.04746499695285667 -0.7359779962566301 -0.00950199132687761 0.6175289925485923 -0.051796991422769195 1.5521220019302582 -0.01742400589509483 -0.00125
-0.05123000376196632 -0.7320319988040885 -0.010254001341684405 0.6253640024535976 -0.05597400065510462 1.5736959993608675 -0.01880300799038807 -0.0025
-0.055473003893319654 -0.7276839996649352 -0.01110200446535089 0.6343440007077886 -0.060680996568100644 1.5978359973110514 -0.02035699679648626 -0.0025
-0.059359991763851185 -0.723826996550953 -0.01185600415550496 0.6421819951258149 -0.06486500457073657 1.6194020011336867 -0.021738006020419295 -0.00125
-0.06364800393661345 -0.7194910052770533 -0.012702994988205289 0.6509819975742479 -0.06956899851741917 1.6436630027609114 -0.02329099998884385 -0.00125
-0.06779000186415388 -0.7151509997458741 -0.013550998111871774 0.6597880039553078 -0.0742759944304152 1.6679429935703978 -0.024845006248234557 -0.0025
-0.07154900474063666 -0.7113309976120342 -0.014304997802025843 0.6676210067316732 -0.07846300439936457 1.689538999602875 -0.026226992856548708 -0.00125
-0.07533399556968165 -0.7077099979195067 -0.015062994296166981 0.6752139918293044 -0.08267200551688904 1.7112489930887997 -0.027617007979422032 -0.0025
-0.07962000061380411 -0.7042379969852218 -0.015920998156447392 0.6843489927743652 -0.08743799355860246 1.7354850016011356 -0.029190003421074442 -0.0025
-0.08321199293416356 -0.7015979945053626 -0.01654399343294677 0.6929189957339705 -0.09184299515112591 1.7566020020204032 -0.030609008462823394 -0.00125
-0.08587599369123763 -0.7006330019619349 -0.016958002984812343 0.6999050076776355 -0.09528700100420878 1.7731729956968783 -0.0316710064060769 -0.0025
-0.08802000850426502 -0.7025260035219406 -0.017028008141109836 0.7050890020752016 -0.09757100867653863 1.7849330067435234 -0.03291200531741495 -0.00125
-0.0890509919467106 -0.7050510062573858 -0.016958002984812343 0.7075279949851087 -0.09865400293069364 1.7891770017125506 -0.033314007004026806 -0.0025
-0.08998500489591536 -0.7087290084032835 -0.01686300471362629 0.7078359932382081 -0.09895500241349259 1.790992004508284 -0.03363200599374017 -0.00125
-0.09064100434856996 -0.7137919991238089 -0.016482994175589568 0.7078359932382081 -0.09905300265099207 1.7910719929479035 -0.03496299408131105 -0.0025
-0.09125900798340862 -0.7217649947594768 -0.015406003854061427 0.707631999155235 -0.09729699198397553 1.7842540038513277 -0.03683199736410169 -0.0025
-0.09148000157329615 -0.7265610024643245 -0.014902999963636662 0.7074860023633056 -0.09602400118744842 1.7786799981791106 -0.03791300194290942 -0.0025
-0.09109000775193801 -0.7310289929895524 -0.014474992871170092 0.7073710026188917 -0.09421599716201497 1.7724499930542394 -0.03962099860220359 -0.0025
-0.09090999449288732 -0.7334829957310266 -0.013817998580841867 0.7073019923002679 -0.09222600765547607 1.7660910080976457 -0.04173900800937627 -0.00125
-0.09047600092108642 -0.7349290010163039 -0.013330999359657886 0.707257992549825 -0.09050699796860182 1.7588910013343932 -0.04447800556440853 -0.00125
-0.08997800612561486 -0.7361390028801266 -0.012965003815514676 0.707222003860649 -0.0889759951487524 1.749415992797752 -0.04713900435516917 -0.00125
-0.08962600812207265 -0.7368350052792368 -0.012786997685103777 0.7068719955324541 -0.08789200605692375 1.7423059926640247 -0.04937400318210303 -0.00125
-0.0894049970788926 -0.7370899978829532 -0.012665994008063008 0.706640006368279 -0.08755800239796961 1.7369809931161904 -0.05102199542171362 -0.0025
-0.08867300599060618 -0.7374149956429671 -0.01247500262801727 0.7053099956650891 -0.08350800077530181 1.7254640017145926 -0.05479799780511084 -0.00125
-0.0883220028247376 -0.7375979934150386 -0.012394001897432212 0.7041529994506496 -0.07768299930335577 1.7172229933189882 -0.05849699626191006 -0.00125
-0.08797099965886902 -0.7376929916862247 -0.012349007309315799 0.7030370010203394 -0.07029100632238419 1.7100370015496296 -0.06283799663076288 -0.0025
-0.08757800387119746 -0.7377529961059083 -0.01218899552349296 0.701442991814493 -0.06314000840452798 1.7044419995665114 -0.06730000067665647 -0.0025
-0.08733199971312887 -0.7377860002820634 -0.011691995565695053 0.7009090083298454 -0.055683996746593245 1.6996039992398606 -0.07108399666802781 -0.00125
-0.08734899922004329 -0.7378009926603382 -0.011457999272880175 0.7005680059005907 -0.05024300261667101 1.6976120026046821 -0.0730149940458493 -0.00125
-0.08725899259051793 -0.7378179921672525 -0.011171992168355863 0.7001439956121113 -0.042735992437992996 1.6949030072594915 -0.0753169960627672 -0.0025
-0.08732199897651492 -0.7378330019988197 -0.01090499169938577 0.69970099614137 -0.03709599586675835 1.6930990000380453 -0.07729799712365834 -0.0025
-0.08735800511898358 -0.7382939958141489 -0.010875006942836508 0.6991510079874815 -0.030773994437014413 1.6913689947768835 -0.08052200422452732 -0.0025
-0.08738399307154576 -0.739940993216086 -0.010848006699308155 0.6987460043345561 -0.021049002391609492 1.691746003348607 -0.08556799543813819 -0.0025
-0.08740200486942637 -0.7413639950618218 -0.01081599736082658 0.6984069915806489 -0.013659993923658822 1.6923200072330025 -0.08893799933093649 -0.00125
-0.08741500757235371 -0.7431859966278563 -0.01078800227962459 0.697723991884466 -0.003505999948113689 1.693247998796288 -0.09385900751681206 -0.00125
-0.08742300118032785 -0.745359996197433 -0.010770007935036527 0.6970050034991069 0.00935999133893535 1.6945460001609962 -0.09949099302678004 -0.00125
-0.0874269979843149 -0.7468889918886427 -0.010781998346997728 0.6962570077415797 0.01928300844127155 1.6952569949383813 -0.10298200059661909 -0.00125
-0.08749400117429898 -0.7493650032319844 -0.010389002559326168 0.695011994572962 0.028575001752549203 1.695381995419409 -0.10722299359933264 -0.0025
-0.08718200611721248 -0.7518060032705312 -0.009993999643014808 0.6937139932082539 0.037047999312328515 1.6949149976714528 -0.11022600711031408 -0.00125
-0.08671699804460363 -0.7534720073080223 -0.009825994249217837 0.6930819920328142 0.04263399539650644 1.6944330075452219 -0.11249100814708972 -0.00125
-0.08498500310809454 -0.7546779949145653 -0.009750002613586002 0.6927320011579118 0.04585299340242219 1.6932100029784718 -0.11396399622260286 -0.00125
-0.0826150030635189 -0.7553339943672199 -0.009662003112700449 0.6923309943089736 0.04777299520595611 1.691777000396122 -0.11429400307756994 -0.0025
-0.07744099194927424 -0.7554959958283901 -0.009523999928745256 0.691882008358898 0.048542999565350964 1.6896879983611175 -0.11392699524246057 -0.00125
-0.07462099366365692 -0.7556540004855732 -0.009448008293113423 0.6916199995315886 0.04907399853697772 1.6886599994316929 -0.11353399945478902 -0.00125
-0.07004899896830266 -0.7557399928578188 -0.00935999133893535 0.6912829939063211 0.05018299819698744 1.68744099166893 -0.11262199510745191 -0.00125
-0.06676299777240285 -0.7554789963214757 -0.009303006338857734 0.6908680069700743 0.0505149947273018 1.6873179983165418 -0.11188700205285204 -0.00125
-0.06509999570122509 -0.7552950037117304 -0.009274993804363224 0.69068699887335 0.050594005782539586 1.687307002742254 -0.11149599594052777 -0.00125
-0.06371299999795772 -0.7544949971424938 -0.009247993560834873 0.690463003317149 0.050480995713472955 1.6872839993027131 -0.10977499657830622 -0.00125
-0.06324200544601452 -0.7528889975246862 -0.009229999216246813 0.690439005039934 0.05049300357872667 1.6873650000332985 -0.10651299365962133 -0.0025
-0.0628779995772186 -0.7511449947229234 -0.009219998479632886 0.6908089973880644 0.05053000455886895 1.6873449985600701 -0.10174499848926812 -0.0025
-0.0625990086962873 -0.7498029936077724 -0.00921500683797218 0.6907880010771629 0.05047600407181225 1.6869820049822406 -0.09693099643983231 -0.00125
-0.06250100845878781 -0.7494279921646889 -0.00921200487165875 0.6904230003706933 0.05010599427038945 1.6867180064795841 -0.0923979923999676 -0.00125
-0.06258799566870721 -0.7489949934305615 -0.009209002905345322 0.6902609989095232 0.04921900049123341 1.6864750042878287 -0.08659700665852901 -0.00125
-0.06268500106853306 -0.7488159924624771 -0.009206995776705527 0.690168007766977 0.0487220005334355 1.6862410079950136 -0.08225499399871003 -0.0025
-0.06276299983280469 -0.7487130005833169 -0.009205006101358253 0.6902179939967541 0.047782001104896395 1.686029002850774 -0.0790969952501515 -0.0025
-0.0628030027792604 -0.7486710079615139 -0.009205006101358253 0.6905310013448067 0.04572799292139435 1.6858770021262177 -0.0760360019014188 -0.00125
-0.06283399982677582 -0.7486389986230323 -0.009205006101358253 0.6909050079502166 0.044577995477255286 1.685833002375775 -0.07346399744921736 -0.00125
-0.06289299195549322 -0.748615995183491 -0.009237992824220947 0.6910799946610215 0.04282699390519198 1.6860979957161055 -0.07065099793390053 -0.00125
-0.06256799419547936 -0.7486040047715298 -0.008881998016691664 0.6916279931395627 0.04172000137382205 1.6863439998741743 -0.06955899778080525 -0.00125
-0.06227399348298091 -0.7485989956765765 -0.008715004913860845 0.6920339916301617 0.0412500016595525 1.6864999974027175 -0.0690000037279765 -0.0025
-0.06224699323945256 -0.7485929917439497 -0.009108995539206046 0.6925050036353974 0.040466994597230285 1.6863649961850753 -0.06859700720369101 -0.00125
-0.062148993001953076 -0.7485900072309287 -0.009219998479632886 0.6927869964826421 0.039841992192091114 1.6862310072584 -0.06826300354473686 -0.0025
-0.06188600679026258 -0.7485870052646154 -0.009145996519348325 0.693046003343638 0.039293993713549934 1.686104994486406 -0.06822799223994185 -0.00125
-0.061654000172794966 -0.7485849981359756 -0.009118001438146336 0.6931950021018809 0.0388990082505311 1.6860029974449193 -0.06800300184606727 -0.00125
-0.06125100364850948 -0.748584003298302 -0.009000994565092636 0.6931000038306948 0.03869700384290528 1.685556001170191 -0.06725999773020076 -0.00125
-0.06133600118308161 -0.748584003298302 -0.009029007099587146 0.6927820048409814 0.03857500532819087 1.6840920015403258 -0.06680500784749835 -0.0025
-0.06133999798706868 -0.7485830084606283 -0.009070004883716492 0.6924829950335297 0.03850400533421974 1.6827909982093041 -0.06670199851504564 -0.00125
-0.06134699675736917 -0.7485830084606283 -0.009121998242133403 0.6909989939304365 0.03886499178340973 1.6790170029545468 -0.06645100271531634 -0.00125
-0.06135099356135624 -0.7485830084606283 -0.008813005151360328 0.690239007760948 0.03917499716514897 1.6761519926275203 -0.06636200837675715 -0.00125
-0.06135300068999602 -0.7485830084606283 -0.008826007854287684 0.6897420078031501 0.03903800627215993 1.6730770017381869 -0.06676599973871629 -0.0025
-0.06135600265630946 -0.7485900072309287 -0.008931006862087663 0.6893359918592588 0.038801008013031615 1.670356993365416 -0.0670080070927978 -0.00125
-0.061356997493983094 -0.7483140008630185 -0.008980993091864781 0.6887469955965883 0.03898400578510322 1.668160007809591 -0.06707000118782865 -0.00125
-0.061356997493983094 -0.7479440085148882 -0.008623008608988224 0.6871970035944771 0.03909799323855097 1.6634880057480972 -0.06726099256787439 -0.00125
-0.06135799233165673 -0.7479890031030046 -0.008465998789478815 0.6866360024130085 0.03920899617897781 1.6602109929978452 -0.06756000237532607 -0.00125
-0.061359004622622886 -0.7477969994319927 -0.007908994411997345 0.6847520067519433 0.03960799589927624 1.6455090026041608 -0.06855599196626914 -0.00125
-0.0612259930803284 -0.7471300044050505 -0.0075150037866521455 0.6842960045782747 0.0397310067049568 1.641371996318281 -0.06907800249224813 -0.00125
-0.058745007548618465 -0.7437390042013508 -0.0066600018926851615 0.6838889937967096 0.03968400498820059 1.6357459972876476 -0.06963699654507688 -0.00125
-0.0557649974771783 -0.739716997659885 -0.003052999740758561 0.6838679974858082 0.03973500350894386 1.632462998058061 -0.07001700708311359 -0.0025
-0.054016003033754784 -0.7359830053515832 0.00079100067029635 0.6838090053570907 0.03973299638030407 1.6298690024572844 -0.07021799919977327 -0.00125
-0.053268007276227575 -0.7330050024087829 0.007404995683898942 0.682670998324913 0.039440007958771776 1.6271379985102263 -0.07031800656591254 -0.00125
-0.052420004152561095 -0.7308140033322917 0.01430899460601291 0.6811320018970893 0.03897700701480272 1.6213320036738348 -0.07049599524303092 -0.0025
-0.051582001765508534 -0.7291840054372692 0.020251002951012644 0.6773539923850523 0.038653004092462494 1.611964996111306 -0.07102200257299697 -0.00125
-0.050886994204071875 -0.727514004595791 0.023040004189114546 0.6745820081071574 0.03852699132046851 1.6046119937858239 -0.07162700350490829 -0.00125
-0.050432999159043104 -0.7251740067610571 0.025778006906473167 0.6721199943044166 0.0384610004214506 1.5968950030448388 -0.0723090083634176 -0.0025
-0.04994699477553276 -0.7205220061727915 0.028744001984019815 0.6702729996234935 0.03841799550868146 1.5881070084616595 -0.07272799210365134 -0.00125
-0.04968900020550295 -0.7134260035796657 0.03150999978258043 0.6693660043711097 0.03869700384290528 1.580836001704436 -0.07286999209159362 -0.00125
-0.049482998993890075 -0.7046739976856624 0.03418099930995499 0.6686779955799735 0.03907500725230221 1.57336799963454 -0.07308899600613386 -0.00125
-0.0492820068772304 -0.6950880036618864 0.03647699739424605 0.6679379934304205 0.039238003551145956 1.565540005953128 -0.07322200754842835 -0.00125
-0.049208004916945845 -0.6867729933059976 0.03789900440230843 0.6676879924683649 0.03906399422472212 1.5595909988378278 -0.07333400532652883 -0.00125
-0.04916700713281649 -0.6791340013292838 0.038863002108062455 0.6674209919993946 0.0392319996185191 1.5535499954176548 -0.073422999665088 -0.00125
-0.04913899459832198 -0.669949991538827 0.039306996416477294 0.6668359925407112 0.03943599370149219 1.5462020021871261 -0.07349399965905914 -0.00125
-0.04912300738237372 -0.6634320070873766 0.03968299269723443 0.6664809925708557 0.03956399614883345 1.541131000405334 -0.07349499449673277 -0.00125
-0.04911199435479363 -0.6579699991932603 0.039975003734385596 0.6656670059143105 0.03959200868332796 1.535806995695173 -0.07315900116243135 -0.0025
-0.04910300590914587 -0.6495189927820563 0.04041700836745316 0.6646449934642202 0.039200007733330045 1.5292069982221714 -0.07284299184806525 -0.0025
-0.04909799681419265 -0.6424259921552438 0.04053699975352777 0.6637670055840044 0.038910998662492306 1.5238929942486241 -0.07284400413903142 -0.00125
-0.04909400001020558 -0.6353359934947447 0.04039599460325915 0.6622469983384426 0.03857500532819087 1.5189040054883833 -0.07267699358290808 -0.00125
-0.04909199288156579 -0.6290429994371689 0.040253994615316896 0.6599910032006071 0.0384630075500904 1.5124130038271688 -0.07251499212173797 -0.0025
-0.04909099804389215 -0.6240930013324176 0.04013100126292886 0.6574280046473461 0.03829200018998 1.506595995963197 -0.0723749992624355 -0.0025
-0.049090003206218515 -0.6197540080922048 0.0400549921740045 0.6542609999998471 0.0382829942910397 1.5006089930300808 -0.07217899878743653 -0.00125
-0.04908900836854488 -0.6142710038871869 0.03999900201160053 0.6504300022917197 0.038296991831640696 1.4936800009930782 -0.07241299508025141 -0.00125
-0.049087996077578716 -0.6088159947633712 0.03996200103145825 0.6461719923287992 0.03831200166320785 1.4879679921369062 -0.07283700536873092 -0.00125
-0.049087996077578716 -0.6025260026721089 0.03992999169297667 0.6395309970716683 0.03832699404148247 1.479199999026955 -0.07346300261154373 -0.00125
-0.049087996077578716 -0.5970860033798602 0.03991299218606225 0.6337639928907659 0.038285996257353135 1.471758002362914 -0.07361100653211285 -0.00125
-0.049087996077578716 -0.5913299947732455 0.03990400374041447 0.6279460076424129 0.03793000144982385 1.4647579928786478 -0.0736359996470014 -0.0025
-0.04908700123990508 -0.5865619996028922 0.03989799980778761 0.623481001630206 0.037609000493797055 1.4595279916019988 -0.0736380067756412 -0.00125
-0.04908700123990508 -0.58154100150417 0.03989300816612691 0.618213999373415 0.037329992159573236 1.4530820019821933 -0.07362800603902728 -0.00125
-0.04908700123990508 -0.575137999343841 0.03989000619981348 0.6127300003307236 0.03715399315780212 1.4458770035772806 -0.07397199298130283 -0.00125
-0.049087996077578716 -0.5705730034187874 0.039887999071173685 0.6075169985609894 0.03709899783307179 1.439295000448867 -0.07437799147190174 -0.0025
-0.049087996077578716 -0.5648879948061437 0.0398859919425339 0.6016060047167976 0.03691299809468675 1.431299996211331 -0.07508799141161304 -0.0025
-0.04908700123990508 -0.5574029932293333 0.039884997104860265 0.5968960068374881 0.03676499417411764 1.423489996874507 -0.07567599283660993 -0.0025
-0.04908700123990508 -0.5499080083692016 0.039749995887218496 0.5937039916218083 0.036761992207804205 1.417225992735807 -0.07606300214494714 -0.0025
-0.049087996077578716 -0.5426779993961076 0.03936199174120763 0.5903089946141215 0.03671300081570072 1.4114129991291144 -0.07626600139024661 -0.00125
-0.049087996077578716 -0.5343439998579571 0.03903500430584649 0.5862509993834795 0.03633300773095652 1.4054729979127545 -0.07665800234024454 -0.0025
-0.04908700123990508 -0.5249349996736257 0.038467999191751104 0.5824009950397976 0.035932000882018304 1.3962960043458907 -0.07753000374112594 -0.0025
-0.04908700123990508 -0.5154449987587093 0.03784999555691243 0.5786479960959418 0.03556900730418852 1.3869529950605775 -0.07835999506691184 -0.00125
-0.04908700123990508 -0.5060390005406914 0.03764900344025276 0.575773002485594 0.035191003894791587 1.3793589976719798 -0.07912399549367985 -0.0025
-0.049087996077578716 -0.49452900790939425 0.03743300149202594 0.5728429960972236 0.03418099930995499 1.3705749998927879 -0.07985900600157222 -0.00125
-0.049087996077578716 -0.48602600813977315 0.037116992177659854 0.5709310053549562 0.03339099347733227 1.3636300031865445 -0.08038700300688555 -0.0025
-0.04908700123990508 -0.47710299488565966 0.03647999936055948 0.5701139992788052 0.0325079965021633 1.3575040022317997 -0.08106199164180183 -0.00125
-0.04908700123990508 -0.4637400036408127 0.03560199402705121 0.5688569956982263 0.03135700422035061 1.3490520009829217 -0.08175099527061164 -0.0025
-0.04908700123990508 -0.4542360051852953 0.03536899257190997 0.5681350053465539 0.030583003056968677 1.3435089923582204 -0.08212699155136878 -0.00125
-0.049087996077578716 -0.4463390011852592 0.03527099233441048 0.5677630058697838 0.030339006027539868 1.3374259963162447 -0.08239500431130502 -0.00125
-0.049087996077578716 -0.43513499967842173 0.03540000707271791 0.567739007592569 0.030002000402272286 1.3287430007408652 -0.08257599495473683 -0.00125
-0.04908700123990508 -0.42474599711909555 0.03539700510640448 0.5676220007195153 0.029718995264061406 1.3207030019152133 -0.08279800083559051 -0.00125
-0.04908700123990508 -0.414606995521825 0.03536799773423634 0.5675910036719999 0.029596996749347 1.3137710079118974 -0.08266500674658854 -0.00125
-0.04908700123990508 -0.4007959957112837 0.035340002653034344 0.5675810029353858 0.029515996018761943 1.3036500006592149 -0.08217200359277772 -0.0025
-0.049087996077578716 -0.3894999978995737 0.035320001179806486 0.5675770061313988 0.0294020085653142 1.2945480038903094 -0.08227300579659062 -0.00125
-0.049087996077578716 -0.379485996783331 0.03530799331455276 0.5673820004940735 0.029325004638716203 1.2878430074095077 -0.08242200455483337 -0.00125
-0.04908700123990508 -0.36928400625335606 0.03529999970657863 0.56700699905099 0.02927199898933314 1.280828005546967 -0.08254100110323434 -0.0025
-0.04908700123990508 -0.3579059954200947 0.035293995773951765 0.5665609976139353 0.029228994076564 1.2724140001159052 -0.08263999617840746 -0.0025
-0.04901200444194688 -0.3494129963870876 0.03534300461934778 0.5665609976139353 0.029200998995362007 1.2664730040618715 -0.0827060045307179 -0.00125
-0.048360996630953 -0.3412530061753609 0.035706993034851184 0.5664219995923064 0.029181992359807788 1.2604059952358437 -0.08275000428116068 -0.0025
-0.048009993465084416 -0.33153700257560376 0.03606000332935956 0.566296004273605 0.029169007110172954 1.2537149962956433 -0.08278100132867608 -0.00125
-0.047563992028029786 -0.3175570025335918 0.03661999221986194 0.5661370047787484 0.029152007603258527 1.244129002271867 -0.08281800230881838 -0.00125
-0.04743199277670145 -0.30690099950529554 0.03732100371392546 0.5660579937235106 0.0291469985083053 1.2369899947659722 -0.08283100501174573 -0.0025
-0.04738500851323777 -0.29705200181653635 0.03770900785993632 0.5656070006447953 0.029146003670631665 1.2288170018513183 -0.08283400697805915 -0.0025
-0.047049992563317454 -0.2870929960250241 0.03814600339805066 0.5648090012041985 0.029146003670631665 1.2214809990327504 -0.08283500181573278 -0.00125
-0.046666002674586184 -0.2774739978250928 0.03845000484716304 0.563855999072732 0.029146003670631665 1.2159169940971477 -0.08283500181573278 -0.00125
-0.04596200666750175 -0.27045599399623854 0.03849100263129238 0.5625980006544794 0.029146003670631665 1.209610002498971 -0.08283500181573278 -0.0025
-0.04541200106032078 -0.2616219925339767 0.03859900360540579 0.5607810081833983 0.02918499432612122 1.202304001890245 -0.08283500181573278 -0.0025
-0.044951007244991514 -0.24975600509515034 0.03848700582730532 0.5585600068970654 0.028781002964162094 1.1927560036842848 -0.08283500181573278 -0.00125
-0.04474999767503933 -0.24033100024157822 0.03842099747499489 0.5565860046064747 0.02855400544164771 1.1849730045909892 -0.08283500181573278 -0.00125
-0.04465899620784034 -0.23191800710148244 0.03872000728244657 0.5551790074299795 0.028253005958848765 1.177147000584924 -0.0827740025583756 -0.0025
-0.0445970021128095 -0.22132000136423 0.03896199718323557 0.553594998960747 0.02806700622046373 1.168325006987916 -0.08333299661120434 -0.00125
-0.044596007275135865 -0.21486999748714478 0.039211003307617606 0.5527339931341532 0.027932005002821975 1.1621020006333453 -0.08354500175544408 -0.00125
-0.04309999830678893 -0.20727699493622098 0.03943499886381856 0.5520190015527812 0.02783700673163592 1.1564480065215095 -0.08356100642468488 -0.00125
-0.03780800293510945 -0.19490199967434302 0.03958099565574789 0.5510320004074859 0.0277549937100847 1.148621007677771 -0.08378899878487289 -0.0025
-0.031131996373183497 -0.1827919977527953 0.039654997616032445 0.5503369928460492 0.02770399518934143 1.139926004237138 -0.08365600469587092 -0.0025
-0.022348993431664948 -0.1715669999350564 0.03986000398997169 0.5498040041990752 0.027675005270465805 1.1330549920378867 -0.08344099758531774 -0.0025
-0.013506003523755361 -0.16033800531333037 0.039471005006287196 0.5490759924614833 0.02765200183092452 1.125219999586174 -0.08318000104897452 -0.00125
-0.0069929932606731604 -0.14917800355693572 0.039491006479515055 0.548583006760965 0.027638999127997162 1.11767499358968 -0.0824460028320483 -0.00125
-0.001622999124722047 -0.13760599937731527 0.03952200352703048 0.5482499979396844 0.027628998391383233 1.1113379997816613 -0.08130399899588336 -0.00125
0.0010189930304843693 -0.13174399692522698 0.03923700871347232 0.5480790080328666 0.02762500158739617 1.1073170055311619 -0.08054500766406858 -0.0025
0.00402600334545288 -0.12326099862883375 0.03892799816940672 0.5478339987124716 0.027619992492442944 1.1014399932475063 -0.07943700284173251 -0.00125
0.005841006141186823 -0.11680999991407487 0.03864799499750928 0.5477690026511274 0.027617007979422032 1.0957310038109402 -0.07844099579749692 -0.00125
0.007076001119898009 -0.11062799134363342 0.038502993043253594 0.5477259977383582 0.02761500085078224 1.0909240005318048 -0.07788100690699451 -0.0025
0.007660005740907833 -0.1036079978394319 0.038446008043175973 0.5473290051466996 0.027614006013108604 1.0853539916635753 -0.07763500274892593 -0.00125
0.008162992178040078 -0.09611899945863447 0.03850400533421974 0.5470250036975872 0.02761299372214245 1.080880992043394 -0.07723900499494094 -0.0025
0.00863000737928872 -0.08820400111401026 0.038890002351590805 0.5472010026993583 0.027611998884468813 1.0749410082803268 -0.07652900505522964 -0.00125
0.00889500071961902 -0.07954800578215934 0.03923999322649323 0.5477790033877413 0.027611998884468813 1.0699129939580114 -0.07601099133323772 -0.00125
0.009050003410488637 -0.07283300856474385 0.0394429924717927 0.5482890060484666 0.027611998884468813 1.0659699984717834 -0.07573200045230644 -0.00125
0.009381005103129362 -0.06574899638357919 0.03893599177738086 0.5490389914813409 0.027611998884468813 1.0611710062539148 -0.07597699231940888 -0.00125
0.009432998461546273 -0.05894100802361742 0.037917993584570125 0.5496250032309906 0.027608002080481742 1.0568040004792072 -0.07580699725026463 -0.00125
0.00947699821198905 -0.05218600785974622 0.03630899200044908 0.5501080056481875 0.02727600555016738 1.0529039924524557 -0.07561499357925273 -0.00125
0.00861499754772157 -0.04729899868769949 0.034323994135570884 0.5504419918538492 0.026753000186514764 1.0489909991760695 -0.07544800047642192 -0.00125
0.007816003269451085 -0.04489599446696865 0.032863991309692586 0.5506900031405575 0.02435299793209736 1.0472120025228042 -0.07535799384689656 -0.00125
0.00615600316458676 -0.04261600105191838 0.03207700489667582 0.5510780072865684 0.01856599227796724 1.0464680035692642 -0.07529100811020502 -0.00125
0.004852992704925353 -0.04133899599811169 0.03153399805979534 0.5512880053021685 0.014679999245109347 1.0459289935363707 -0.07518599164911252 -0.00125
0.003231005871169463 -0.039814991948562764 0.03087099983684026 0.5519940084378927 0.011409007880776693 1.045031004182927 -0.07476899758422603 -0.00125
0.0017060069839468972 -0.03835800854229042 0.030201997681258315 0.5531480026860187 0.008472002722105675 1.0444649939065054 -0.0743790037628679 -0.00125
-0.00038899898368449615 -0.036335992243977426 0.029772000913444476 0.5548580064739528 0.005207992674780999 1.042618994063256 -0.0740929966583436 -0.00125
-0.0015110013466215707 -0.03508200808300454 0.029691000182859414 0.5562589997178211 0.003225996776216239 1.0411730062312712 -0.07392500871783915 -0.00125
-0.002083992940051309 -0.03395000498345353 0.029186006617087378 0.5566700073033732 0.002261004232788574 1.0403339915532523 -0.07383100528432672 -0.0025
-0.0025250027354452365 -0.033335003314928294 0.028622003469305407 0.5567050011548758 0.0021220062111597456 1.0396639945599968 -0.0737649969320163 -0.00125
-0.0029310012260441573 -0.03185299188718235 0.026127002943701953 0.5569529949882916 0.0019360064727747099 1.0388019938957294 -0.07371600553991282 -0.00125
-0.002900004178528738 -0.02987699992124445 0.022245006714831126 0.5574539917500766 0.0018150027957339432 1.038242005005227 -0.07368900529638447 -0.00125
-0.002944003928971515 -0.027044993770373414 0.01918799271679298 0.5579609924444884 0.001707001821620534 1.037674005053458 -0.07366600185684317 -0.0025
-0.0029789977804740016 -0.024955991735368877 0.016921002004670064 0.5578670064642686 0.0016539961722374665 1.0371049928107228 -0.07365600112022924 -0.0025
-0.003005003186328717 -0.02279300519337231 0.015627992281622587 0.5579020003157711 0.0016180074830613432 1.0369969918366093 -0.07364800751225511 -0.0025
-0.003025004659556572 -0.020535002926897163 0.014890992098382941 0.558020996864172 0.0015910072395329908 1.0365070081024044 -0.0736429984173019 -0.00125
-0.0030390022001575666 -0.018935007241716404 0.014376992633670609 0.5581270081629381 0.0015720006039787726 1.0361709973148105 -0.07363900161331484 -0.00125
-0.0030499977744451305 -0.016651994407060177 0.013780997600699585 0.558216997339171 0.0015570082257041413 1.035241993460559 -0.0736359996470014 -0.00125
-0.003056996544745628 -0.014283006653450715 0.01351200745638222 0.5582709978262277 0.0015489971644374874 1.0332639943659814 -0.0736339925183616 -0.00125
-0.0030599985110590583 -0.010703004745052466 0.013686994167187171 0.5583040020023828 0.0015440055227767837 1.030459005911931 -0.07363299768068797 -0.00125
-0.003063000477372488 -0.007830000810052081 0.013749005715510531 0.5583240034756107 0.0015410035564633533 1.0285749927975734 -0.07363200284301433 -0.0025
-0.0031179958021028296 -0.004175002103695636 0.013773998830399089 0.5583389958538854 0.001538001590149923 1.0265079993644366 -0.07367099349850388 -0.00125
-0.003025999497230209 0.00017900096808453844 0.013787001533326446 0.558349991428173 0.0015370067524762864 1.024557000513387 -0.07346099548290393 -0.0025
-0.00265000321647307 0.0033249918513893572 0.013794000303626942 0.5583559953607997 0.0015359944615101295 1.0233520077445175 -0.07309299281012092 -0.00125
-0.0020869949063647393 0.005454991670523237 0.01379799710761401 0.5583019948737431 0.0015349996238364929 1.0226830055889355 -0.07277600611137372 -0.00125
-0.0018380062352752284 0.007011005058553741 0.013800004236253806 0.5587169992632823 0.0015349996238364929 1.0220349997442553 -0.07259700514328916 -0.00125
-0.00165900526719069 0.008354995849051975 0.013801993911601078 0.5589949953065398 0.0015349996238364929 1.0214620081508254 -0.0723160071337181 -0.00125
-0.0015720006039787726 0.009947992763932238 0.013804001040240871 0.5594120068247189 0.001534004786162856 1.0208850023001161 -0.07173900128300877 -0.0025
