0.0 0.0 0.0 0.0 0.0 0.0 0.0 839.0
0.0 0.0 0.0 0.0 0.0 0.0 0.0 840.0
0.0 0.0 0.0 0.0 0.0 0.0 0.0 840.0
0.0 0.0 0.0 0.0 0.0 0.0 0.0 840.0
0.0 0.0 0.0 0.0 0.0 0.0 0.0 840.0
0.0 0.0 0.0 0.0 0.0 0.0 0.0 839.0
0.0 0.0 0.0 0.0 0.0 0.0 0.0 840.0
0.0 0.0 0.0 0.0 0.0 0.0 0.0 840.0
0.0 0.0 0.0 0.0 0.0 0.0 0.0 839.0
0.0 0.0 0.0 0.0 0.0 0.0 0.0 840.0
0.0 0.0 0.0 0.0 0.0 0.0 0.0 840.0
0.0 0.0 0.0 0.0 0.0 0.0 0.0 840.0
0.0 0.0 0.0 0.0 0.0 0.0 0.0 840.0
0.0 0.0 0.0 0.0 0.0 0.0 0.0 840.0
0.0 0.0 0.0 0.0 0.0 0.0 0.0 840.0
0.0 0.0 0.0 0.0 0.0 0.0 0.0 840.0
0.0 0.0 0.0 0.0 0.0 0.0 0.0 840.0
0.0 0.0 0.0 0.0 0.0 0.0 0.0 840.0
0.0 0.0 0.0 0.0 0.0 0.0 0.0 840.0
0.0 0.0 0.0 0.0 0.0 0.0 0.0 840.0
0.0 0.0 0.0 0.0 0.0 0.0 0.0 840.0
0.0 0.0 0.0 0.0 0.0 0.0 0.0 840.0
0.0 0.0 0.0 0.0 0.0 0.0 0.0 839.0
0.0 0.0 0.0 0.0 0.0 0.0 0.0 840.0
0.0 0.0 0.0 0.0 0.0 0.0 0.0 840.0
0.0 0.0 0.0 0.0 0.0 0.0 0.0 840.0
0.0 0.0 0.0 0.0 0.0 0.0 0.0 839.0
0.0 0.0 0.0 0.0 0.0 0.0 0.0 840.0
0.0 0.0 0.0 0.0 0.0 0.0 0.0 839.0
0.0 0.0 0.0 0.0 0.0 0.0 0.0 839.0
0.0 0.0 0.0 0.0 0.0 0.0 0.0 840.0
0.0 0.0 0.0 0.0 0.0 0.0 0.0 839.0
0.0 0.0 0.0 0.0 0.0 0.0 0.0 840.0
0.0 0.0 0.0 0.0 0.0 0.0 0.0 839.0
0.0 0.0 0.0 0.0 0.0 0.0 0.0 839.0
0.0 0.0 0.0 0.0 0.0 0.0 0.0 840.0
0.0 0.0 0.0 0.0 0.0 0.0 0.0 840.0
-0.016426678574413687 0.017247984468269584 -0.0032853357148827688 0.033309613281089834 -0.018069346431855073 0.08916035158394608 -0.006023115477285024 800.0
-0.016392685723080048 0.017214718184431987 -0.003246454848175557 0.033290619991428794 -0.018036813000833332 0.08919097549481236 -0.005980949019739021 800.0
-0.01601296095132438 0.016847738708137272 -0.003445160855846363 0.03305437035645731 -0.01768257345439028 0.08949180085025255 -0.005815705083479304 800.0
-0.01570908000047072 0.01658241313516151 -0.003137543310610013 0.03265726734667507 -0.01741494931437344 0.08980895708878456 -0.005742635159761277 800.0
-0.015663712402036248 0.016610551997229717 -0.0031328617310830606 0.03265413122316008 -0.017394145689008197 0.08981704217585218 -0.0057422293666254814 800.0
-0.015674396638642132 0.016613558841768628 -0.0031333435905080524 0.03299570499020954 -0.01739646231574382 0.08968917146236599 -0.005743185880653001 800.0
-0.015707695011283232 0.01663095445764473 -0.0031365920945518157 0.032718955780713044 -0.01741454007445811 0.08977746060052905 -0.005749152635645757 800.0
-0.015700086175245962 0.016631717605979923 -0.0031365373142531166 0.032711029248694845 -0.01741531855977134 0.08978137821773435 -0.005749327570936498 800.0
-0.015680470412092713 0.016611346026936924 -0.0031329270500108503 0.03304206678728616 -0.01739412906271523 0.0896719674346873 -0.005742399489296885 800.0
-0.015700005229637354 0.016632203323945216 -0.003136735109561077 0.03270169587664584 -0.017415973204967662 0.0897845453462105 -0.005749688889167942 800.0
-0.015701082371865877 0.016633185495370073 -0.0031369839920759026 0.03268640950817381 -0.017416850269142053 0.08978955595533744 -0.0057497900458650854 800.0
-0.015677257100456546 0.01660817413927318 -0.00313222978338361 0.03309403147645196 -0.017390682501641427 0.0896547262624523 -0.005741132267881246 800.0
-0.015674992831793237 0.01660565097728306 -0.0031315916251631586 0.03313481814265762 -0.017388041597989443 0.08964110854859109 -0.005740346980486512 800.0
-0.015716411218175318 0.01610877326285387 -0.0031401117531430177 0.032686786964765124 -0.01743420382852791 0.08987845925221816 -0.005755571022731561 800.0
-0.015719684645764315 0.0160786169896886 -0.0031408550789994803 0.03269182388245451 -0.01743764634907817 0.08988068905626312 -0.005756691369504571 800.0
-0.016357918592233726 0.016054295738214486 -0.00313668400207171 0.03258250697345322 -0.017414924626464663 0.08981585098180789 -0.005749161081762471 800.0
-0.015661468531564894 0.016072086788883166 -0.003139958987524843 0.032613758834280304 -0.017434167277627685 0.08992114497482406 -0.005755633735205178 800.0
-0.015627926852240112 0.016073140212397807 -0.0031402307079438623 0.03261516251992369 -0.01743501537248729 0.08992609264300144 -0.005755891923668061 800.0
-0.015701091677096157 0.01510333333999725 -0.003144752289074043 0.032663128471631 -0.017460922847174737 0.09005822261438046 -0.005764401661762345 800.0
-0.01586639851501352 0.012728604895838491 -0.003176999040037822 0.034184707801186764 -0.017639580958662526 0.08979133223217728 -0.005823597237880406 800.0
-0.015887440153008123 0.012189546715372757 -0.003181106668808031 0.0347644564383901 -0.017662012859679665 0.08963467469843778 -0.005830584757383513 800.0
-0.012418846659334265 0.0032087769214838024 -0.0009527905102946592 0.02741809280457208 -0.013804738441849845 0.06694242416449314 -0.0045575739124096605 800.0
-0.008826854338974816 -0.0040331679220323435 -0.00032979523379528253 0.018848089844966776 -0.00786575606144059 0.042757462169453975 -0.0046725496585465105 800.0
-0.006162853581900746 -0.014202045192774015 8.421431807029145e-05 0.008794116325530621 -0.004421750208357722 0.015448602977779169 -0.0020765709274071995 800.0
-0.0040188387688733646 -0.012309043632768302 0.00015421947436778521 0.0036101219279645047 -0.002137742536027873 0.003688591931134022 -0.0008355720160691527 800.0
-0.002987855326427785 -0.020521906412522384 0.001618195105956094 -0.0003628517698278655 0.0004792325060124919 -0.014361230128863589 -0.003501531905228457 800.0
-0.002053842377223017 -0.024513808206052867 0.0030571776226558448 -0.0006708500229273273 0.005382174352468405 -0.023846136864025258 -0.006251494491286695 800.0
-0.0013978429245684182 -0.01945081748552746 0.002677167084619122 -0.0006708500229273273 0.005480174589967884 -0.023926125303644685 -0.004920506403715816 800.0
0.000754141498155822 -0.016079764213516534 0.001600176763090981 -0.0004668559399542138 0.006792125498722504 -0.023244059358612068 -0.006119464696696338 800.0
0.0009751350880433524 -0.011283756508668752 0.00263115366055113 -0.0003208591480248213 0.008587096277966999 -0.026873938413708 -0.008106421693659771 800.0
0.0021191220545707934 -0.0068157659834409134 0.00220314656808456 -0.0002058594036109529 0.00677909225253355 -0.03598374116769398 -0.011000367398022563 800.0
0.001939108795520103 -0.004361763241966687 0.0015461522777563356 -0.0001368490849871229 0.004789102745994658 -0.029624756211100278 -0.008882357990849882 800.0
0.0015051152237191973 -0.002915757956689413 0.0010591530565723546 -0.0016268301224300341 0.004604073847005757 -0.03316261496304662 -0.009211322011588786 800.0
0.0025411012161332264 -0.001705756092866717 0.0006931575124291441 -0.0031248222211398557 0.010742974966584912 -0.03595945272949086 -0.011152265584485108 800.0
0.002189103212591012 -0.0010097536937564433 0.0005151513820182453 -0.002774813892944872 0.009658985874756262 -0.02884945259576366 -0.008917266757551251 800.0
0.001968092169410962 -0.0007547610900401347 0.00039414770497747664 -0.004076805516655124 0.02159682851888721 -0.0327283377752432 -0.01340519766948342 800.0
0.001236101081124541 -0.0004297633300262005 0.00020315632493173898 -0.0042807756013510945 0.029818673199304493 -0.028881250313073537 -0.01883308001340013 800.0
0.0008850979152559557 -0.0002467655579546646 0.00012215559434668004 -0.0031237793869115515 0.02399367172735846 -0.02064024191746916 -0.015134081556600912 800.0
0.0005340947493873843 -0.0001517672867685782 0.0016111417941160697 -0.0020077809566013682 0.027339544261586163 -0.019590173299652847 -0.013861042763519252 800.0
0.00014109896171582426 -9.176286708501014e-05 0.0014511300082932308 -0.001947752538640768 0.029392431071043876 -0.013995171316534716 -0.010933019505511024 800.0
-0.00010490519635276974 -5.875869092986097e-05 0.0009541300504953242 -0.0014137690539931524 0.021936419413109143 -0.00915717098988389 -0.00714902351413968 800.0
-8.790568943835286e-05 -4.376631265512465e-05 0.0007201337576804457 -0.002606747412623789 0.02723329079838619 -0.007165174354705428 -0.008285987712089798 800.0
-0.00017791231896370496 -0.0030947283815123683 0.0004341266531561333 -0.002182737124144407 0.03046414613490791 -0.00292219822162898 -0.012119908846714211 800.0
-0.00011490593296671625 -0.006147680125716315 0.0001671261841860415 -0.0017397376534031839 0.03556201507887255 0.000415789787702181 -0.0178088117252512 800.0
-7.889979049806317e-05 -0.005686686310387157 0.00013714142763677876 -0.0011897494995146696 0.02924001364912861 0.002145795048863919 -0.01458480462438222 800.0
-5.291183793587617e-05 -0.00710765048422124 0.00011014118410842579 -0.0023187266344750768 0.03792279105835154 0.0033027672650263185 -0.01874269813808528 800.0
-3.490004005526903e-05 -0.008752610214256551 7.813184562685017e-05 -0.0035136946684536374 0.04894155204502873 0.0042627441685165746 -0.021508617396829743 800.0
-2.1897337127929628e-05 -0.006930608648222036 5.013676442486119e-05 -0.002830694972270731 0.03878755806948359 0.003334752605230973 -0.016587609210954174 800.0
-1.3903729153788569e-05 -0.009358551442302354 0.0015661232077226004 -0.005179668162682782 0.03819341308551964 0.0005027704526370247 -0.01709154685252852 800.0
0.0015240738627190636 -0.009363536538978479 0.0015781136196838016 -0.004431672405155629 0.0313383575589546 -0.0017422051126338989 -0.013600539282689464 800.0
0.0015910770527031437 -0.0068875251956367345 0.0011851178320122415 -0.0031866592365379365 0.02204636424767695 -0.0018672055936614917 -0.009359546279975914 800.0
0.00741500514715919 -0.004446525157089987 0.0007901149157008812 -0.0018886578718297908 0.013573366687897638 -0.004468169421476098 -0.004822551981109119 800.0
0.013085920226092881 -0.002780521119598811 0.0006221095219039099 -0.0012566566963900794 0.007987370603719714 -0.005520160083130943 -0.002557550944333478 800.0
0.017489848441126332 -0.0015745335130558091 0.0005461178862720753 -0.0009066658214876844 0.004768372597803966 -0.0073651170921524844 0.0019833987069512726 800.0
0.0151198483965507 -0.0009185340604012104 0.0004581183853865217 -0.0005056589725495053 0.0028483707942700415 -0.005932114509802799 0.0023134055619183497 800.0
0.013013798858077422 -0.0007565325992310301 0.00032011520143132924 -0.0015906538103592771 0.003612347222760992 -0.0038431124747981826 0.003480378514694335 800.0
0.011727781360345677 0.0009354528458378475 0.0002441235657994964 -0.0013286449830498537 0.0015473674632484336 -0.0012811327574877573 0.003087382727022789 800.0
0.00715578666499142 0.00102144521808345 0.00015610661162142325 -0.000991639357782348 0.00043836780323871366 -6.212499472479927e-05 0.0021753783796856774 800.0
0.005403766256977194 0.003828410257511572 9.912161154380754e-05 -0.000576652421535595 0.00010637127292435072 -0.001473112430222523 0.006042327688742771 800.0
0.0022067833979138446 0.006712379223537401 7.110907704929725e-05 -0.0003956443248113173 2.7360217686567267e-05 7.18639319510217e-05 0.017923167879503585 800.0
0.0008197876946464816 0.005912372654300779 4.410883352094601e-05 -0.00017164876861031075 0.00014037028675319835 9.48673714920023e-05 0.01620216851728204 800.0
0.00034879314270327977 0.004306373036493172 2.611448893288619e-05 -0.0001476504913953125 0.00012836242149948107 -0.001520114146979168 0.020610069538025272 800.0
-1.5212726092644901e-05 0.0025623702347303823 1.6113752318958757e-05 -0.002051623627411514 -0.0014426193465285966 -0.0015001126737508308 0.021977997519214823 800.0
-0.0002942036070239379 0.0012203691195793454 1.1122110658253956e-05 -0.0004966465286241339 -0.002922599647357256 -0.0011371190959212907 0.021765937833435986 800.0
-0.00039220384452343104 0.0008453676764959006 8.120144344822902e-06 -0.0001316458221545247 -0.0025525898459344554 -0.0008731205932648312 0.01723293379357127 800.0
-0.00030521663460403303 0.00041236894236851285 5.118178031395318e-06 3.035563901554461e-05 -0.003199576854664217 -0.0006301184015093941 0.012965928840018043 800.0
-0.00020821123477818282 0.00023336797428408218 3.1110493916002707e-06 0.0016573275694471423 -0.007304519260523272 -0.00039612210869433007 0.014759839331741825 800.0
-0.00013021247050655493 0.00013037609512389636 1.121374044326523e-06 0.0016073413396699987 -0.006364519831984168 -0.00018411696445475023 0.011601840583183295 800.0
-9.020952405083826e-05 8.838347332085217e-05 1.121374044326523e-06 0.0012943339916173802 -0.0058444924363674836 0.001501864547987397 0.008540847234450602 800.0
0.0014747683113501553 5.637413483927656e-05 0.001535102161930129 0.0024543081740933115 -0.004694494992228418 0.0015458642984300663 0.005968842782249156 800.0
0.0015337604400675608 3.337069529796288e-05 0.0015680888847928228 0.002279321463288353 -0.0029434934201651095 0.0012808709580995892 0.003155843266932329 800.0
-0.00032521810783188443 2.1380283336758232e-05 -0.0003218867106222628 0.0017313229847472078 -0.0033704816766809836 -0.00049911398785496 0.0020638431138370467 800.0
0.0009147619675552512 1.6371188383490498e-05 -0.000488879813453082 0.001325324494148239 -0.0029004819624114317 -0.000655111516398188 0.0015048490610082982 800.0
0.0008877617240269017 1.0367255756649207e-05 -9.488918810788075e-05 0.0008543124889125453 -0.0021174749000892196 -0.0005201102987559825 0.0011018525367228055 800.0
0.0007897614865274155 7.382742735706493e-06 1.6113752318958757e-05 0.0005723196416678178 -0.0014924724949500479 -0.0003861213720806056 0.000767848877768651 800.0
0.0005267752748369173 4.38077642239687e-06 0.0014760925799202004 0.00031331278067192603 -0.000944474016408868 -0.0017940893879715425 0.0022668183608594433 800.0
0.00029476865736930563 2.3736477825497815e-06 -8.588328916759105e-05 -0.0013696667654568007 -0.0005494885533900359 -0.006294034710142338 0.0020418279669848632 800.0
-0.00010822786691618014 1.378810108976225e-06 -0.00020289016222129093 -0.0012746684942707143 -0.00034748414576421527 -0.00584703843541412 0.0012988238511183609 800.0
-2.323033234405414e-05 1.378810108976225e-06 -0.00017487762772678064 -0.004024631080328467 0.0013084951568359954 -0.012052942744976924 0.0008438339684159468 800.0
-1.923352835698361e-05 3.8397243529164626e-07 0.0014001009442883676 -0.003725621272876789 -0.00015448563707867735 -0.013819900989726852 0.0007408246359632414 800.0
-1.2234758056492434e-05 3.8397243529164626e-07 -8.1886485180524e-05 -0.002241620169783576 -0.0005154720862686618 -0.013113867310740268 -0.0010441519516518616 800.0
-8.237954069421904e-06 3.8397243529164626e-07 -0.0003908795759535993 -0.0014816340002951067 -0.0008254774680079013 -0.010248856983713805 -0.0011331462902110512 800.0
-6.230825429637266e-06 0.0015343647603210941 -0.0003778768730262425 -0.002518614830382959 0.0008454942128669415 -0.010241827670151915 -0.0007291549282519155 800.0
-3.2288591162027425e-06 0.001541363530621509 0.001261102922659539 -0.005180560462262784 0.0010824924719952528 -0.021327646388351607 -0.000487147574170399 800.0
-2.234021442566736e-06 0.0012653571627112559 0.0013110891524366567 -0.00459156419959228 0.0008994946999236475 -0.0298685263477263 -0.0019591342670253614 800.0
-2.234021442566736e-06 0.0008953648145809678 0.0009531046695600998 -0.003041572197481135 0.0007855072464759 -0.025196524286232425 -0.001768142886979615 800.0
0.0015327416041166497 0.005542301766354396 0.0023300756379364927 -0.0024805710160125116 0.0006745043060490605 -0.026521453899637004 -0.0030031138674132957 800.0
0.009203657834511152 0.013020202034770612 0.01097695598776895 -0.0005965753549472819 0.00027550458575063136 -0.014887425081724137 -0.0020071242764702207 800.0
0.00907064629221667 0.012353207007828382 0.01058296536242375 -0.00014057318127869145 0.00015249378007006764 -0.010750418795844263 -0.0014851137504912348 800.0
0.008123641548392312 0.015098129955671391 0.02199980977154141 0.0002664376002863289 0.0001994954968262755 -0.011260342916753263 -0.0009261196976624864 800.0
0.005143631476952147 0.012610104202090966 0.029130673134814537 -0.00584848924035497 -0.0013854838118027915 -0.024851132353908678 -0.0005461091596257739 800.0
0.0033946370335286302 0.00887611189378923 0.025286672723759628 -0.005789497111637454 -0.0013834766831630069 -0.022257136753132123 -0.0003451170429660949 800.0
0.0026466412760014213 0.005898108950988856 0.02020665849804284 -0.012321394018887877 0.0004434925262550918 -0.0317979791091596 -0.0017790904647126266 800.0
0.003332618940220522 0.008309052238154702 0.014836640363814673 -0.013850359166835413 -0.0006274873176616569 -0.03519586900008198 -0.00313508257548005 800.0
0.002494616553167961 0.006679054343132207 0.008894632018814939 -0.010072349654798418 -0.00030348439532142807 -0.025828861437553252 -0.0026090752455140004 800.0
0.0017996089917313024 0.014212938228967853 0.012241553932255358 -0.007300365376903484 -0.0001774716233274437 -0.027679743839384985 -0.00200407431360268 800.0
0.0013456139467025313 0.02721274827309028 0.012571512790667455 -0.00483835157416268 -0.0001114807243095331 -0.03070061861359874 -0.0013220694550933748 800.0
0.0008596095631921846 0.03483259398790972 0.011139498501006609 -0.002991356893239594 0.0014655049763454067 -0.03111650875773342 -0.0009030857148596277 800.0
0.000601614993162379 0.0430763992736406 0.008373500702445996 -0.002084361640855792 -0.00034748414576421527 -0.03304938672782387 -0.0007610857269173543 800.0
0.0003956137815495017 0.03432439337963733 0.005702501175071435 -0.0013963528497196176 -0.0007254875551611431 -0.025581384657927808 -0.0005420818123771098 800.0
0.00019462166488982968 0.03087432250740363 0.0034065030907803745 -0.0006563507001665636 0.0006454969338809124 -0.02542329491594386 -0.0004090702700826204 800.0
0.00012061970460527233 0.033297177666714584 0.0019844960827179944 -0.0019403305259967363 0.0008195062603047476 -0.027144191740071877 -0.0002970724919821449 800.0
7.962192047591965e-05 0.02565818569000078 0.0010204983769639686 -0.001673330057026523 0.0006515008665077676 -0.02110318831989888 -0.0002080781534229692 800.0
5.160938598140763e-05 0.025678060626857846 0.0005765040685491302 -0.002622311386228482 0.00044750678353467493 -0.021425099028799188 0.001396902628433977 800.0
3.562217003314633e-05 0.029897941690606777 0.0017344885756777964 -0.0038012922042587327 -0.001214476451692384 -0.024024001186435218 0.001397897466107606 800.0
2.460914245305812e-05 0.02443593379649045 0.0014424775385266306 -0.002987305547713537 -0.001242488986186896 -0.018699996476274183 0.0010619041318061795 800.0
1.562069680529493e-05 0.029790754476257342 -0.0005335078824267384 -0.006567235461280241 -0.0008504880361889788 -0.024371845306357276 0.0007458948174400848 800.0
1.061160185207577e-05 0.025765715425215996 -0.000653499268501348 -0.010291189944721335 -0.0005614789653512406 -0.02672774527223809 0.0007469071084062473 800.0
6.61479786500524e-06 0.01867571676471691 -0.0005124941182327244 -0.008771182699159552 -0.00022548563104980712 -0.021738756511997304 0.0005798965522829103 800.0
4.607669225213662e-06 0.018518645858683902 -0.00037049413029047185 -0.0141850915007522 -0.00011348785294933161 -0.024451639578096707 0.0004178950911127993 800.0
3.6128315515776555e-06 0.02277253248124611 -0.00024750077790243463 -0.019291996886919294 5.751950716106902e-05 -0.029372497229324557 -0.0012560785560754711 800.0
2.617993877941649e-06 0.018433539241033303 -0.00017149168897807876 -0.01612499223942032 6.652540610136565e-05 -0.023385494296208398 -0.0014520790310744436 800.0
1.6231562043056424e-06 0.020620438975443967 -0.00011550152657410773 -0.019963898470720998 5.252786550036942e-05 -0.025660386986519734 -0.00121808273825956 800.0
6.108652381431323e-07 0.02436931457894176 -7.850054643182558e-05 -0.02337579244722865 3.751803393321762e-05 -0.030686243645547506 -0.0007940724497800533 800.0
6.108652381431323e-07 0.02421524563922217 -4.649120795024303e-05 -0.025938681917411666 -0.0015114551322272102 -0.03112213526290941 -0.00016807520696723866 800.0
6.108652381431323e-07 0.018775246346973473 -2.9491701035826157e-05 -0.020171677736509297 -0.0014704573480978714 -0.023680138598868306 -2.0071286398123944e-05 800.0
6.108652381431323e-07 0.02068914167978697 -2.050325538804909e-05 -0.022023596427584446 -0.0011144625405685865 -0.02741799462980188 4.921828490433988e-06 800.0
-3.839724354928742e-07 0.023591050448861783 -1.4499322761186983e-05 -0.026762475142691478 -0.0007934615845417922 -0.03292585886835253 -0.0015270518307551328 800.0
-3.839724354928742e-07 0.018570052350139532 -9.507681100487386e-06 -0.02149547288590048 -0.0005144532503179727 -0.02647986924854706 -0.0015370525673690516 800.0
-3.839724354928742e-07 0.024438896492895656 -6.505714787052863e-06 -0.022147396994751767 -0.0003384542485468586 -0.03154671714671897 -0.0027270464129793004 800.0
6.108652381431323e-07 0.03214574687092753 -4.498586147261285e-06 -0.020002356800788768 -0.0002834589238165236 -0.03263461795773437 -0.002321047922380387 800.0
6.108652381431323e-07 0.026460738258283878 -2.4914575074766465e-06 -0.014091362956596964 -9.74591854314838e-05 -0.024639613720198517 -0.0016110479826690893 800.0
-3.839724354928742e-07 0.02971360219667274 -0.0015354774077196431 -0.013983307440944448 5.0544735137623975e-05 -0.024499518322802505 -0.0010230465576721998 800.0
-3.839724354928742e-07 0.03449046363962616 -0.0014004761900778748 -0.016927215376807414 -0.0014804340864343 -0.02897337969930147 -0.0021700180372203476 800.0
6.108652381431323e-07 0.0426002625453884 -0.0025464528319519217 -0.016600179944891713 -0.0014314426943308131 -0.03850019397146598 -0.0035009995798066795 800.0
6.108652381431323e-07 0.034266263007237896 -0.002219465396590785 -0.012542184714249727 -0.0010514496095866133 -0.03256019275510602 -0.0031089986298087485 800.0
-3.839724354928742e-07 0.038663089913877347 -0.0016524602824953966 -0.013294122734224811 -0.0006504427606483995 -0.0310531031276704 -0.0037709780168131563 800.0
-3.839724354928742e-07 0.04297891608993187 -0.001034456647656723 -0.011075104578254336 -0.0033554107585902215 -0.032447959357555956 -0.002940986691027256 800.0
-3.839724354928742e-07 0.033572917871913965 -0.0008334645309970509 -0.008200110967906626 -0.0029774073491932868 -0.024853961968958282 -0.0021769862642592452 800.0
6.108652381431323e-07 0.037402733119473064 -0.0021514433706560365 -0.005270104579536139 -0.0035013835522420475 -0.025273848917080288 -0.0029759565442522284 800.0
6.108652381431323e-07 0.044239541228708656 -0.0018354340562899488 -0.0033581138372688057 -0.004245358507505133 -0.02906671772603664 -0.002447959538938907 800.0
-3.839724354928742e-07 0.03531652797459517 -0.0011984412391895724 -0.0025411077611178223 -0.0033623615323361625 -0.022940716771291836 -0.0017729709040226194 800.0
-3.839724354928742e-07 0.03882732539649025 -0.0003204359056813086 -0.0012841041805389253 -0.0022113692505234678 -0.02676056182549935 -0.001083967275212816 800.0
-3.839724354928742e-07 0.04619711560771489 -8.743445054006788e-05 -0.0005621138288665062 -0.0014373680871415384 -0.03502338029176855 -0.0007079709944556728 800.0
6.108652381431323e-07 0.03830011160767882 1.0565786959425283e-05 -0.00019011435209637106 -0.001193371057712729 -0.02894038424979284 -0.00043995823451943583 800.0
6.108652381431323e-07 0.04550387955546875 -0.00011844895134800748 -0.00016611607488159486 -0.000856365432445147 -0.032529234977497934 -0.00025896759108762213 800.0
-3.839724354928742e-07 0.051988665662884626 -0.00011544698503457296 -4.910920182787937e-05 -0.0005733602942342673 -0.03676108245493159 -3.6961710233943124e-05 800.0
-3.839724354928742e-07 0.04184966406561408 -8.643961286643187e-05 -1.8112154312466267e-05 -0.00045136177951986267 -0.029829088451615693 -0.00016995579923591297 800.0
-3.839724354928742e-07 0.04184449134604368 -5.8444531664439414e-05 -8.11141769840873e-06 -0.00037036104893480373 -0.02891196592624712 -0.00066295895304673 800.0
6.108652381431323e-07 0.04282033983741873 -3.844305843658108e-05 -0.001538095401597217 -0.0002563735954870597 -0.029013853884655605 -0.0005619567492338301 800.0
6.108652381431323e-07 0.04201022344848998 -2.6435193182856864e-05 -0.0013430897642718875 -0.00017936966888906433 -0.03151274213116784 -0.0004129579909910863 800.0
-3.839724354928742e-07 0.031808232918515034 -1.8441585208722744e-05 -0.0009680883211883318 -0.00012636401950600132 -0.024497740268627055 -0.0002939614425901127 800.0
0.0015335968154503096 0.03423604917622458 0.0015215431353039419 -0.0005220868841336879 -8.335910673686053e-05 -0.025287619564879238 -0.00019496636741699047 800.0
0.0014586000174921093 0.03954887723418793 0.0014725342899079286 -0.0005220868841336879 -5.536402553486808e-05 -0.02855050823815941 -0.00012895801510655336 800.0
0.000807592206498231 0.03138888702246123 0.0011085458744045235 -0.0003830888625048212 -3.635738998064922e-05 -0.02248349941213168 -8.49582646637731e-05 800.0
0.0004565890406296458 0.03547871051367496 0.002289516367781061 -0.00025709354380343274 -2.33721403458155e-05 -0.024996385199244298 -5.3961217148373875e-05 800.0
1.0587603575015758e-05 0.03683851835051927 0.0017295274772786834 -0.0016320748368325866 -6.372633431388219e-06 -0.029216218266439276 -1.696023700607785e-05 800.0
0.0014125691401322624 0.04152232320107968 0.0010285159832151627 -0.004621025357365971 -1.3635384781621185e-06 -0.032815076275744204 -3.957534078724567e-06 800.0
0.001365584876668581 0.031673325512320494 0.0006405118372043023 -0.004170032278650648 -3.68700804526112e-07 -0.024642083361090306 -9.555677653039218e-07 800.0
0.0025645497146338445 0.032452185236007514 0.00020351629908996194 -0.006439994413825034 -3.68700804526112e-07 -0.02650996526983551 3.9269908325145764e-08 800.0
0.002180559825902574 0.03663901412704712 -0.00010048515002241548 -0.007020973070244296 -3.68700804526112e-07 -0.03168382584943252 3.9269908325145764e-08 800.0
0.0014765638188181385 0.04342683738916375 -0.00014148293415176122 -0.008830936227762876 -0.0015343494886903286 -0.03611469976645565 3.9269908325145764e-08 800.0
0.0009265582116371671 0.03459283592690193 -0.0002494839082651662 -0.00701394375668174 -0.0015733401441798828 -0.028808699157729656 3.9269908325145764e-08 800.0
0.0004655643963079048 0.03346471400327483 0.0013964946577211049 -0.006326923258234696 -0.0011693487822207575 -0.03153254725485488 3.9269908325145764e-08 800.0
0.00026455482635572014 0.037845536240673605 0.001462503010031535 -0.005886901755529306 -0.000942351259706372 -0.032953432888872314 -0.0015339415179774774 800.0
0.00017355335915673203 0.02943254310057783 0.0011634932025798572 -0.004479904579034133 -0.0006413517769074291 -0.025127428882807168 -0.0015949407753346606 800.0
0.006247482415668436 0.03264036445429627 0.0009215033017908533 -0.0028958961098016767 -0.00045535203852239275 -0.02397533922522821 0.0004980340653798904 800.0
0.02005231466896569 0.043064149243953104 0.0006724971774088179 -0.0035688710710936045 -0.00032035082088063827 -0.030024179173742116 -0.0008239415782661796 800.0
0.036964075155246384 0.05081095457188556 0.00044850162120786685 -0.0028538794897216 -0.0002253525496945831 -0.03664203136499178 0.0007260438788604245 800.0
0.031672079783566905 0.038435959310007595 0.0003025048292785368 -0.001866878344426337 -0.00014333952814336512 -0.02881503252125328 0.0009540362390484391 800.0
0.034199957948954876 0.041665765267316135 -0.001305477918891823 -0.0027058515708754394 -9.234100740009368e-05 -0.030857894595819113 0.0008210421500464693 800.0
0.030018897371093072 0.04578057532843391 2.349649505473117e-05 -0.0021728629239013975 -6.335108852446869e-05 -0.031656786335996 0.0036739966152644493 800.0
0.021175907463183485 0.034551580706707885 0.00041249547873922765 -0.0014448511863095481 -4.034764898318277e-05 -0.023821793884283293 0.00341300007892123 800.0
0.014662897200101284 0.03259546367762717 -0.0011414867823744332 -0.0009518654857912923 -2.734494605582602e-05 -0.0224127110393324 0.004212982649880806 800.0
0.010826883852035974 0.031761325013206 -0.0011724838298898602 -0.0006188566645106697 -1.7344209441896852e-05 -0.02374562117074186 0.004604959601601233 800.0
0.008184891696829557 0.02589932256111771 -0.0008874890163316981 -0.00044786675769281636 -1.3347405454833261e-05 -0.01972462692024246 0.0038459682697864483 800.0
0.005177881381861047 0.026620208992038402 -0.0005784784722661016 -0.00020285743729786532 -8.33831050160716e-06 -0.019983537788129224 0.0027379634474503783 800.0
0.003362878586127104 0.03244105658036461 -0.00029847530036865993 -0.0016718421638389769 -5.353797480695671e-06 -0.025012413866762895 0.0017419564032147838 800.0
0.0021278836074159176 0.026259048009923167 -0.0001534733461129728 -0.0016288372510697702 -3.3466688409040934e-06 -0.02020541058762748 0.0011819675127123785 800.0
0.0015438789864060942 0.03151090080880674 0.0014374924418504506 0.00030213612847418414 -2.351831167268087e-06 -0.022305305658826047 0.002469944142529601 800.0
0.0010408925492738485 0.034759767943209036 0.001379495150806681 0.0021401183654723432 -1.3395402011125157e-06 -0.022434248402301238 0.0020739463885446063 800.0
0.0005738773480252063 0.026844769598584825 0.000993498133435619 0.001964119363701222 -3.447025274765092e-07 -0.01649426463923409 0.0013639464488333086 800.0
0.00030888400769490607 0.027392658994047386 -0.0008904735293526062 0.00292009946320404 -3.447025274765092e-07 -0.017602173468461935 -0.0006880480610444162 800.0
0.00015388131682528977 0.02834756571606046 -0.0041614343504227935 0.002410096802478723 -3.447025274765092e-07 -0.018261120345890447 0.0005669418459101072 800.0
-0.001711101163701238 0.02433151511066696 -0.0067223952317825575 0.0016601113696044223 -0.001534325490412835 -0.016530089703793438 0.0008119337130125526 800.0
-0.0017630945221181488 0.01752352675070519 -0.005704397038971826 0.0010740996199547492 -0.0015303286864257644 -0.012163083929085827 0.0006419386438683006 800.0
-0.003341075060446506 0.01230250737471935 -0.005629376242736579 0.0005910972027578509 -0.010402216883425328 -0.008263075902334327 0.0004499349728564056 800.0
-0.0055470359719501875 0.008949478990558424 -0.003644378377858387 0.0017910917849814911 -0.01908309624708664 -0.0043500826259481595 0.0002829418700255881 800.0
-0.004748041693679702 0.006546474769827587 -0.002184375551980089 0.0015430804982732305 -0.016683093992669235 -0.0025710859726828517 0.00019293524050023603 800.0
-0.00615600316458676 0.005800462142663117 -0.00293136992684824 0.00268905714014811 -0.013964049914310276 -0.003361067807028606 0.0016599302916940478 800.0
-0.006386973492810933 0.006057437876741782 -0.00238836308996776 0.004013039912433403 -0.013146018457223544 -0.002822057774135134 0.0015549138306015509 800.0
-0.006298967446940846 0.006067414615078662 -0.001725364867012677 0.004841017564594985 -0.009875027092890891 -0.006526010784347891 0.001137919765715062 800.0
-0.00477396855971828 0.004610431208806318 -0.001056362711430732 0.0036870233164689736 -0.006938021934219872 -0.005960000507926333 0.0007479259443569364 800.0
-0.002678962592086887 0.004122395698379126 -0.0021603467315026957 0.001977019528534907 -0.0036740118868951966 -0.004114000664676931 0.0004619188398326257 800.0
-0.0015569602291498122 0.002868411537406239 -0.0020793460009176333 0.0005760262846665754 -0.0016920159883304364 -0.002668012832692135 0.0002939308993281792 800.0
-0.0009839686357200738 0.006338350801512196 -0.010778237162459525 0.00016501869911444977 -0.0007270234449027716 -0.003362978942559103 0.0001999274658157496 800.0
-0.0005429588403261464 0.008791310708758118 -0.014816176378334961 0.001664005635497734 -0.0005880254232739431 -0.0026929819493035634 0.00013391911350532637 800.0
-0.00013696034972722568 0.010377260856783338 -0.012321175852731507 0.0014160118020818402 -0.0004020256848889074 -0.0018309812850361151 8.492772140185345e-05 800.0
-0.00016795739724264486 0.008401268890845436 -0.00843917962386068 0.000915015040296896 -0.00028102200784814067 -0.0012709923945337653 5.792747787350394e-05 800.0
-0.00012395764679986807 0.00863722431574556 -0.005382165625822534 0.00040801434588511043 -0.00017302103373473157 -0.0007029924427648382 3.4924038332204144e-05 800.0
-8.89637952973814e-05 0.009616183856512629 -0.0031151749136996178 0.0005020003261049233 -0.000120015384351664 -0.001667960987915329 2.4923301718271507e-05 800.0
-6.295838944266616e-05 0.007453197314516061 -0.0018221651906521405 0.00046700647460240496 -8.402669517554068e-05 -0.0015599600138018754 1.6929693744144325e-05 800.0
-4.295691621481086e-05 0.008263156623812076 -0.001085165007412495 0.00034800992620154236 -5.702645164718835e-05 -0.0056719186432534485 1.1920598790932102e-05 800.0
-2.8959375613816368e-05 0.009731122514402477 -0.0005711655427001628 0.00024199862743534695 -3.801981609297014e-05 -0.009937850219317035 7.923794803868511e-06 800.0
-1.7963801326252495e-05 0.015118013619174375 2.4829490270860885e-05 0.0001520094512025283 -2.3027437818338775e-05 -0.010542827152950407 4.921828490433988e-06 800.0
-1.0965031025754815e-05 0.012749025865564912 0.00029381963458822644 9.800896414580151e-05 -1.5016376551684873e-05 -0.008564828058372775 2.9146998506285327e-06 800.0
-7.963064712324629e-06 0.01530494710870943 0.00011883292378327484 6.500478799065235e-05 -1.0024734890981156e-05 -0.008827801180093964 1.919862176999465e-06 800.0
0.0015290196894869076 0.015499904749480205 5.6821375459915197e-05 4.500331476275932e-05 -7.0227685775507524e-06 -0.006943788065736367 0.001534905812389159 800.0
0.0015840150142172492 0.01184490604312376 3.1828260571357264e-05 3.001093648813402e-05 -4.020802264120566e-06 -0.0048767946325996014 0.0015738964678787132 800.0
0.0014920187093446285 0.009024883759229389 1.8825557644000512e-05 1.9015362200502928e-05 -3.025964590483909e-06 -0.0029257957815500557 0.0013638984522787584 800.0
0.0011160224285874897 0.0074128736638099275 1.1826787343504133e-05 0.001546992217459131 -2.013673624327037e-06 -0.0032547838005663188 0.0009958957794957563 800.0
0.0005530141184791589 0.005282873844676048 7.829983356435338e-06 0.0016009927045157468 -1.0188359506903798e-06 -0.002585781644984353 0.000678909080748552 800.0
0.000304025447389648 0.005260841244531347 5.822854716640291e-06 0.001185988314976516 -1.0188359506903798e-06 -0.0019377758003040757 0.002033888900549799 800.0
0.00012502447930510955 0.005450831241918915 3.833179369368278e-06 0.0009079922717190048 -1.0188359506903798e-06 -0.0013647842068742477 0.0017528908909787283 800.0
3.8019816093192186e-05 0.0038578343270386523 1.8260507295749656e-06 0.0004909807535399269 -2.3998277053505906e-08 -0.0007877783561649476 0.0011758850402694004 800.0
