0.0 -0.7853980063178156 0.0 0.5235990024911016 0.0 1.3089969913556248 0.0 -0.04875
0.0 -0.7853980063178156 0.0 0.5235990024911016 0.0 1.3089969913556248 0.0 -0.05
0.0 -0.7853980063178156 0.0 0.5235990024911016 0.0 1.3089969913556248 0.0 -0.05
0.0 -0.7853980063178156 0.0 0.5235990024911016 0.0 1.3089969913556248 0.0 -0.05
0.0 -0.7853980063178156 0.0 0.5235990024911016 0.0 1.3089969913556248 0.0 -0.05
0.0 -0.7853980063178156 0.0 0.5235990024911016 0.0 1.3089969913556248 0.0 -0.05
0.0 -0.7853980063178156 0.0 0.5235990024911016 0.0 1.3089969913556248 0.0 -0.05
0.0 -0.7853980063178156 0.0 0.5235990024911016 0.0 1.3089969913556248 0.0 -0.05
0.0 -0.7853980063178156 0.0 0.5235990024911016 0.0 1.3089969913556248 0.0 -0.05
0.0 -0.7853980063178156 0.0 0.5235990024911016 0.0 1.3089969913556248 0.0 -0.05
0.0 -0.7853980063178156 0.0 0.5235990024911016 0.0 1.3089969913556248 0.0 -0.05
0.0 -0.7853980063178156 0.0 0.5235990024911016 0.0 1.3089969913556248 0.0 -0.05
0.0 -0.7853980063178156 0.0 0.5235990024911016 0.0 1.3089969913556248 0.0 -0.05
0.0 -0.7853980063178156 0.0 0.5235990024911016 0.0 1.3089969913556248 0.0 -0.05
0.0 -0.7853980063178156 0.0 0.5235990024911016 0.0 1.3089969913556248 0.0 -0.05
0.0 -0.7853980063178156 0.0 0.5235990024911016 0.0 1.3089969913556248 0.0 -0.05
0.0 -0.7853980063178156 0.0 0.5235990024911016 0.0 1.3089969913556248 0.0 -0.05
0.0 -0.7853980063178156 0.0 0.5235990024911016 0.0 1.3089969913556248 0.0 -0.05
0.0 -0.7853980063178156 0.0 0.5235990024911016 0.0 1.3089969913556248 0.0 -0.05
0.0 -0.7853980063178156 0.0 0.5235990024911016 0.0 1.3089969913556248 0.0 -0.05
0.0 -0.7853980063178156 0.0 0.5235990024911016 0.0 1.3089969913556248 0.0 -0.05
0.0 -0.7853980063178156 0.0 0.5235990024911016 0.0 1.3089969913556248 0.0 -0.05
0.0 -0.7853980063178156 0.0 0.5235990024911016 0.0 1.3089969913556248 0.0 -0.05
0.0 -0.7853980063178156 0.0 0.5235990024911016 0.0 1.3089969913556248 0.0 -0.05
0.0 -0.7853980063178156 0.0 0.5235990024911016 0.0 1.3089969913556248 0.0 -0.05
0.0 -0.7853980063178156 0.0 0.5235990024911016 0.0 1.3089969913556248 0.0 -0.05
0.0 -0.7853980063178156 0.0 0.5235990024911016 0.0 1.3089969913556248 0.0 -0.05
0.0 -0.7853980063178156 0.0 0.5235990024911016 0.0 1.3089969913556248 0.0 -0.05
0.0 -0.7853980063178156 0.0 0.5235990024911016 0.0 1.3089969913556248 0.0 -0.04875
0.0 -0.7853980063178156 0.0 0.5235990024911016 0.0 1.3089969913556248 0.0 -0.04875
0.0 -0.7853980063178156 0.0 0.5235990024911016 0.0 1.3089969913556248 0.0 -0.05
0.0 -0.7853980063178156 0.0 0.5235990024911016 0.0 1.3089969913556248 0.0 -0.04875
0.0 -0.7853980063178156 0.0 0.5235990024911016 0.0 1.3089969913556248 0.0 -0.05
0.0 -0.7853980063178156 0.0 0.5235990024911016 0.0 1.3089969913556248 0.0 -0.05
0.0 -0.7853980063178156 0.0 0.5235990024911016 0.0 1.3089969913556248 0.0 -0.05
0.0 -0.7853980063178156 0.0 0.5235990024911016 0.0 1.3089969913556248 0.0 -0.05
0.0 -0.7853980063178156 0.0 0.5235990024911016 0.0 1.3089969913556248 0.0 -0.05
0.0 -0.7853980063178156 0.0 0.5235990024911016 0.0 1.3089969913556248 0.0 -0.05
-0.0010940072817350857 -0.7843039990360805 -0.0005570043774814703 0.5247000085431373 -0.0010940072817350857 1.3100979974076603 -0.0007889935416565567 -0.02625
-0.005625999030633642 -0.7797730021248556 -0.001274003087493261 0.5308759957276593 -0.005625999030633642 1.3177459952833144 -0.0022270052189597243 0.00875
-0.009662997950374085 -0.7759450063830415 -0.0019800062232174873 0.5389610065947202 -0.009957993500546167 1.335383995997996 -0.0036300055914678863 0.00375
-0.014213001497153224 -0.7713780033293478 -0.0028250073805705417 0.5477240080630109 -0.014726006124191917 1.3607760058870983 -0.005186001526205871 -0.00125
-0.017868995041183302 -0.7673929977680245 -0.003576999942084818 0.5555610076433635 -0.01890200306556119 1.382523995190839 -0.006563991330532954 -0.0025
-0.020610994562528993 -0.7644030044132628 -0.004141003089866787 0.5613849968243435 -0.022033001570591373 1.3986769999647541 -0.007597994192584475 -0.00125
-0.024396997682540136 -0.7604140020479522 -0.004894007942347219 0.5693099959055815 -0.026209993349634288 1.4202120067398738 -0.008976996287877714 -0.00125
-0.028636995847580043 -0.7559230080831829 -0.005740998775047548 0.5781430025301698 -0.030911997620969606 1.4444519946029046 -0.010528995418628631 -0.00125
-0.032402997494363324 -0.7519350005555461 -0.006492991336561824 0.5860389942392398 -0.03508900685330504 1.4659849942493848 -0.011907997513921872 -0.00125
-0.03663899885541616 -0.7474459962661241 -0.007339004784881036 0.5949029979113434 -0.03978900399600057 1.490214998829094 -0.013459996644672791 -0.00125
-0.04040800246851288 -0.7434539919345 -0.00809199218406895 0.6027490033906362 -0.04396899774135691 1.511764003144815 -0.014839993577639668 -0.00125
-0.04417299182433001 -0.7394660018601557 -0.008844997036549384 0.6105760022343749 -0.04814499468272618 1.533296007953621 -0.01621800083525927 -0.00125
-0.048404996381395775 -0.734982006665687 -0.009689998193902438 0.6195169923797839 -0.052840000183761004 1.5575000071274756 -0.01776799283737039 -0.00125
-0.05264399970876204 -0.7305819967148242 -0.010537006479895287 0.6282179997530437 -0.05754299929276997 1.581786001869589 -0.01932100425908747 -0.00125
-0.05641700012584583 -0.7267200019591812 -0.011291006170049356 0.636305000295452 -0.06172800213307954 1.6032280000488701 -0.02070199602972798 -0.00125
-0.06138499257518508 -0.7219010082680847 -0.0122320004362621 0.6460920038891802 -0.0669540066057411 1.6301800026766973 -0.02242800448690273 -0.00125
-0.06497199325388384 -0.7180440051541025 -0.01298600012641617 0.6539180078952453 -0.07113799715508451 1.6517560072359465 -0.023808996257543246 -0.00125
-0.0691969990406491 -0.7137049944605969 -0.013834003250082652 0.6627239968230126 -0.07584499306808054 1.676035998045433 -0.025363002516933957 -0.0025
-0.07296200584975875 -0.7099710021522952 -0.014588002940236725 0.6705609964033652 -0.08003500500334333 1.6976439944898714 -0.026746001416214263 -0.00125
-0.07533399556968165 -0.7077099979195067 -0.015062994296166981 0.6752139918293044 -0.08267200551688904 1.7112489930887997 -0.027617007979422032 -0.0025
-0.07962000061380411 -0.7042379969852218 -0.015920998156447392 0.6843489927743652 -0.08743799355860246 1.7354850016011356 -0.029190003421074442 -0.00125
-0.08430299824958523 -0.7008849925993379 -0.01663000325848505 0.6959859930153299 -0.09346899624216141 1.7635500006929596 -0.030986994418927803 -0.00125
-0.08693500712147025 -0.7013269972324054 -0.01713499682425709 0.702218005268841 -0.09623099723673495 1.779057006750834 -0.03223099529657928 -0.0025
-0.08857399346214055 -0.7036469935939115 -0.016968998559099908 0.7065660044079943 -0.09830200492715142 1.7874450067760412 -0.03312200333301491 -0.0025
-0.08928800765913143 -0.7063970041765238 -0.01694400544421135 0.7078899937252647 -0.09868700710684884 1.7901600060538587 -0.03341799372086062 -0.00125
-0.0901899938165621 -0.7098090006911251 -0.016765004476126808 0.707814002089633 -0.09913400338157713 1.7912569978486146 -0.03390099613805754 -0.00125
-0.09076900679591123 -0.7152559987536742 -0.016319997876745818 0.70786599544805 -0.09875999677616726 1.7903490077585569 -0.03533799552439455 -0.00125
-0.09125900798340862 -0.7217649947594768 -0.015406003854061427 0.707631999155235 -0.09729699198397553 1.7842540038513277 -0.03683199736410169 -0.0025
-0.09136100502489518 -0.7277589964628934 -0.01489999799732323 0.7074580072821036 -0.09567500515021962 1.7774410063964126 -0.03821099945939493 -0.0025
-0.09103199300760172 -0.7316960054697872 -0.014317005667279567 0.707351001145664 -0.09368300851504095 1.770835004990784 -0.04010700298571394 -0.0025
-0.09084299130290327 -0.7340069959323529 -0.013679000559213037 0.7072900018883066 -0.09181999171158464 1.7645419934799158 -0.04239900426601793 -0.00125
-0.09035899404803271 -0.7351909923903208 -0.013239003054785268 0.707249998941851 -0.09003900538297208 1.7566739968520477 -0.04521200378133474 -0.0025
-0.08984199261700694 -0.736549993012386 -0.013002004795656956 0.707105991825269 -0.08856200305017935 1.7468429935078766 -0.04798299322155607 -0.0025
-0.089576004439003 -0.7369370023207233 -0.012728005556386366 0.7068239989780243 -0.08774499697402828 1.740217008082313 -0.050017994769503894 -0.0025
-0.088839999093437 -0.73741099883898 -0.012523994020120749 0.7058260022584414 -0.08534700184825067 1.728741991849226 -0.05343199841274496 -0.00125
-0.08867300599060618 -0.7374149956429671 -0.01247500262801727 0.7053099956650891 -0.08350800077530181 1.7254640017145926 -0.05479799780511084 -0.00125
-0.08824599373581325 -0.7376239988208934 -0.012381994032178491 0.7038959997182934 -0.0760499994420198 1.7152370006164366 -0.059453000359689964 -0.0025
-0.08797099965886902 -0.7376929916862247 -0.012349007309315799 0.7030370010203394 -0.07029100632238419 1.7100370015496296 -0.06283799663076288 -0.00125
-0.08757800387119746 -0.7377529961059083 -0.01218899552349296 0.701442991814493 -0.06314000840452798 1.7044419995665114 -0.06730000067665647 -0.00125
-0.08731800217252787 -0.7377939938900375 -0.011561008605332879 0.7007329918747817 -0.052923008042985865 1.6986009934253248 -0.07207899142129726 -0.00125
-0.08730299234096071 -0.7378109933969521 -0.01128699191276977 0.700314008134548 -0.04524500795748996 1.6959820047096594 -0.07446000449345297 -0.0025
-0.08730400463192686 -0.7378209941335659 -0.011083992667470309 0.7000840086457202 -0.04153000483144995 1.6944060073016936 -0.07579200487198999 -0.00125
-0.08732199897651492 -0.7378330019988197 -0.01090499169938577 0.69970099614137 -0.03709599586675835 1.6930990000380453 -0.07729799712365834 -0.00125
-0.08735800511898358 -0.7382939958141489 -0.010875006942836508 0.6991510079874815 -0.030773994437014413 1.6913689947768835 -0.08052200422452732 -0.0025
-0.0873960009367995 -0.7408650054286767 -0.010826992935114143 0.6985670033664716 -0.01632200500538561 1.69211400602139 -0.08764799157420244 -0.0025
-0.08741099331507413 -0.7425830028245849 -0.010795995887598725 0.6979899975157624 -0.007271006757223337 1.6929099983333469 -0.09194099538862541 -0.00125
-0.08741500757235371 -0.7431859966278563 -0.01078800227962459 0.697723991884466 -0.003505999948113689 1.693247998796288 -0.09385900751681206 -0.00125
-0.08742399601800149 -0.7457330079651693 -0.0107670059687231 0.6968479936795974 0.012042998731563632 1.6947389986696817 -0.10044500744921267 -0.00125
-0.08742799282198854 -0.7475169962600952 -0.010724001055953959 0.6959470023598404 0.021772005034248143 1.6953239981283652 -0.10402099510033133 -0.0025
-0.08746700093077063 -0.7502079972606976 -0.010247002571383909 0.6946399950961919 0.03145699413319736 1.695241007722433 -0.1083589935028707 -0.00125
-0.08689599901268816 -0.7530460073441956 -0.009856991296733255 0.6932120016087953 0.04144399500591167 1.6945790043371511 -0.11191100033006696 -0.00125
-0.08612000817395897 -0.7540149966916103 -0.009839991789818831 0.6930279915457574 0.0440930033847111 1.694059995777486 -0.11327499259379305 -0.00125
-0.0846400038748528 -0.7548450054706888 -0.009768991795847701 0.6926829923125157 0.04631899631270467 1.6928410054680154 -0.11398000089184365 -0.00125
-0.08096800566158194 -0.755410998293818 -0.009612994267304449 0.6922510058693546 0.04808300058769534 1.691043002179196 -0.11434400676063959 -0.0025
-0.07651300038598886 -0.755551008606413 -0.009496004847543269 0.691720006897728 0.048716991438482286 1.6893420042902023 -0.11378799722083176 -0.00125
-0.07300399847156172 -0.7557219985132307 -0.009419000920945277 0.6914870054425867 0.04939899629699158 1.6881930016837368 -0.11330700193227462 -0.00125
-0.06934500296121822 -0.7556840026954149 -0.00934499896066072 0.6912179978449767 0.050303007036354576 1.6873940074054663 -0.11243700766003302 -0.00125
-0.06509999570122509 -0.7552950037117304 -0.009274993804363224 0.69068699887335 0.050594005782539586 1.687307002742254 -0.11149599594052777 -0.0025
-0.06474000408970874 -0.7552189946228061 -0.009267995034062728 0.6906050033050914 0.050577006275625155 1.6873429914314306 -0.11126699128937359 -0.0025
-0.0635489914081478 -0.7538569920344272 -0.00923999995286074 0.6904160016003928 0.05048399767978638 1.6873529921680444 -0.10879799616962485 -0.00125
-0.06309499636311905 -0.7525339975548305 -0.009227992087607018 0.6905999942101382 0.0505009971867008 1.6873710039659249 -0.10539099129668426 -0.0025
-0.0628779995772186 -0.7511449947229234 -0.009219998479632886 0.6908089973880644 0.05053000455886895 1.6873449985600701 -0.10174499848926812 -0.00125
-0.06247599789060673 -0.7496220029643405 -0.00921200487165875 0.690497002330978 0.050259007285911796 1.6867569971350735 -0.09370700679225587 -0.00125
-0.06253099321533707 -0.7491990049668272 -0.009210992580692594 0.6903799954579243 0.0497180075776711 1.686698005006356 -0.09043899994094412 -0.00125
-0.06258799566870721 -0.7489949934305615 -0.009209002905345322 0.6902609989095232 0.04921900049123341 1.6864750042878287 -0.08659700665852901 -0.00125
-0.06271299614973505 -0.7487789914823348 -0.00920600093903189 0.690156994739397 0.04843400375356392 1.6861840055416437 -0.0812930034215958 -0.00125
-0.06276299983280469 -0.7487130005833169 -0.009205006101358253 0.6902179939967541 0.047782001104896395 1.686029002850774 -0.0790969952501515 -0.0025
-0.06283399982677582 -0.7486389986230323 -0.009205006101358253 0.6909050079502166 0.044577995477255286 1.685833002375775 -0.07346399744921736 -0.00125
-0.0628430057257161 -0.7486310050150582 -0.009205006101358253 0.6909439986057061 0.04388000340279772 1.6857690011521047 -0.0723519958228942 -0.00125
-0.06289299195549322 -0.748615995183491 -0.009237992824220947 0.6910799946610215 0.04282699390519198 1.6860979957161055 -0.07065099793390053 -0.0025
-0.06247599789060673 -0.7486019976428899 -0.008818991630694668 0.6917650014858443 0.04154400237205095 1.6864080010978446 -0.06936999607610678 -0.00125
-0.06221800332057694 -0.7485949988725895 -0.009078993329364262 0.6923490061068541 0.04085599358091479 1.6864089959355184 -0.06881400398959146 -0.00125
-0.06228399421959484 -0.7485919969062761 -0.009135995782734397 0.6926000019065834 0.04027799289253182 1.6863279952049333 -0.06846900475634975 -0.0025
-0.06203600038617897 -0.7485889949399628 -0.009337005352686584 0.6928400021320251 0.039626007697156816 1.6861850003793173 -0.06831000526149306 -0.00125
-0.06174400680232032 -0.7485859929736493 -0.009128002174760263 0.6931310008782102 0.03902599840690621 1.6860360016210747 -0.06809000650927918 -0.00125
-0.061654000172794966 -0.7485849981359756 -0.009118001438146336 0.6931950021018809 0.0388990082505311 1.6860029974449193 -0.06800300184606727 -0.00125
-0.06135500781863582 -0.748584003298302 -0.009007993335393134 0.6929470082684649 0.03866399966675006 1.685239991855825 -0.0671859957699162 -0.00125
-0.06133600118308161 -0.748584003298302 -0.009029007099587146 0.6927820048409814 0.03857500532819087 1.6840920015403258 -0.06680500784749835 -0.0025
-0.06134699675736917 -0.7485830084606283 -0.009121998242133403 0.6909989939304365 0.03886499178340973 1.6790170029545468 -0.06645100271531634 -0.00125
-0.06134699675736917 -0.7485830084606283 -0.009121998242133403 0.6909989939304365 0.03886499178340973 1.6790170029545468 -0.06645100271531634 -0.00125
-0.06135200585232239 -0.7485830084606283 -0.008801992123780243 0.6900189915554417 0.0391149927454654 1.6745780023481942 -0.06663000368340088 -0.0025
-0.06135500781863582 -0.7485830084606283 -0.00890800342254638 0.6894380063540378 0.03886499178340973 1.670971000196268 -0.06700399283551822 -0.0025
-0.06135600265630946 -0.7485900072309287 -0.008931006862087663 0.6893359918592588 0.038801008013031615 1.670356993365416 -0.0670080070927978 -0.00125
-0.061356997493983094 -0.7481759976790633 -0.008827002691961322 0.6881740040031584 0.03897999152782363 1.6668469966133155 -0.06718999257390326 -0.00125
-0.06135799233165673 -0.7479890031030046 -0.008465998789478815 0.6866360024130085 0.03920899617897781 1.6602109929978452 -0.06756000237532607 -0.00125
-0.06135799233165673 -0.7479019984397927 -0.008107996853309738 0.6854050042382844 0.0394429924717927 1.6519790079544738 -0.06818500478046523 -0.00125
-0.061359004622622886 -0.7477969994319927 -0.007908994411997345 0.6847520067519433 0.03960799589927624 1.6455090026041608 -0.06855599196626914 -0.00125
-0.060812995819428985 -0.7464300052019531 -0.007393005271937741 0.6840509952578798 0.03970299417046229 1.6392680019050017 -0.06927599264259436 -0.00125
-0.058745007548618465 -0.7437390042013508 -0.0066600018926851615 0.6838889937967096 0.03968400498820059 1.6357459972876476 -0.06963699654507688 -0.00125
-0.05521099506601026 -0.7388230051104284 -0.002379005943515911 0.6838840021550489 0.03974699392090506 1.6317869971321786 -0.0700240058534141 -0.0025
-0.054016003033754784 -0.7359830053515832 0.00079100067029635 0.6838090053570907 0.03973299638030407 1.6298690024572844 -0.07021799919977327 -0.0025
-0.053268007276227575 -0.7330050024087829 0.007404995683898942 0.682670998324913 0.039440007958771776 1.6271379985102263 -0.07031800656591254 -0.00125
-0.051848007396804986 -0.7295409950824722 0.018554001866006038 0.6784200045855854 0.03865900802508936 1.6148850017630625 -0.07086900701076715 -0.00125
-0.0513820044865225 -0.7287769946557041 0.02113000312219455 0.6766310071957062 0.038615008274646576 1.6098710024346408 -0.07116199543229944 -0.00125
-0.0507560072437097 -0.7269150075965065 0.02384800436632532 0.6738460027615912 0.03851100410452024 1.6026970010772437 -0.07176800865517691 -0.00125
-0.05032499818492969 -0.7247080038507746 0.026143007612942745 0.6716820039286286 0.03845000484716304 1.5951619958173633 -0.07243999532377976 -0.00125
-0.04994699477553276 -0.7205220061727915 0.028744001984019815 0.6702729996234935 0.03841799550868146 1.5881070084616595 -0.07272799210365134 -0.00125
-0.049560997758161696 -0.7078729942183504 0.03317799349541889 0.6689479980152571 0.03894400283864751 1.5761689912846029 -0.07300700043787516 -0.00125
-0.049482998993890075 -0.7046739976856624 0.03418099930995499 0.6686779955799735 0.03907500725230221 1.57336799963454 -0.07308899600613386 -0.00125
-0.04925800860001548 -0.6929610058090659 0.03681899466117434 0.6677859927058643 0.03912499348207932 1.56402799231554 -0.07325000262963033 -0.00125
-0.049195997051692114 -0.6848440030568158 0.03816300290496509 0.6676620045158027 0.039103002333504194 1.558065999950605 -0.07335800360374374 -0.00125
-0.04916700713281649 -0.6791340013292838 0.038863002108062455 0.6674209919993946 0.0392319996185191 1.5535499954176548 -0.073422999665088 -0.00125
-0.04912899386170807 -0.6659089958150995 0.03958000081807425 0.6666359952617251 0.03951399246576382 1.5430759953237565 -0.0735189927739477 -0.0025
-0.04912300738237372 -0.6634320070873766 0.03968299269723443 0.6664809925708557 0.03956399614883345 1.541131000405334 -0.07349499449673277 -0.00125
-0.04910899238848021 -0.6554100026063127 0.040144998803529855 0.6653279931604031 0.03942300845185735 1.533554002523651 -0.07303300584372989 -0.00125
-0.04910000394283243 -0.6460810083148928 0.0404950071317248 0.6643730013535895 0.03905099152179477 1.5264670058294654 -0.07287199922023341 -0.0025
-0.049097001976519006 -0.640849994747278 0.040505007868338716 0.6633319997212374 0.03886000014174903 1.5229089950696424 -0.07281099996287621 -0.00125
-0.04909400001020558 -0.6353359934947447 0.04039599460325915 0.6622469983384426 0.03857500532819087 1.5189040054883833 -0.07267699358290808 -0.0025
-0.04909199288156579 -0.6290429994371689 0.040253994615316896 0.6599910032006071 0.0384630075500904 1.5124130038271688 -0.07251499212173797 -0.00125
-0.049090003206218515 -0.6229809997060946 0.04010899266106121 0.6565990081592337 0.0382850014196795 1.5050940005155158 -0.07235000614754693 -0.00125
-0.04908900836854488 -0.6173189945329924 0.040025007417455245 0.6526670082472933 0.0382899930613402 1.4971729982382647 -0.07225300074772109 -0.0025
-0.04908900836854488 -0.6127269983644101 0.0399890012749866 0.6492200004278971 0.038301006088920286 1.4920770033415842 -0.07249999974346333 -0.00125
-0.049087996077578716 -0.6075789926560202 0.039955002261157745 0.6452270012585993 0.038315003629521276 1.486689992245426 -0.07295600191713188 -0.00125
-0.049087996077578716 -0.6014200049784125 0.03992500005131596 0.6381289915368337 0.03832900117012227 1.47720899722945 -0.07351300629461337 -0.00125
-0.049087996077578716 -0.5955340042491094 0.03991100251071498 0.6322070021183545 0.038197001918793945 1.4699909961216095 -0.07362100726872677 -0.00125
-0.049087996077578716 -0.5896210032762778 0.03990100177410104 0.6263349989296522 0.03779700736082188 1.462745994770241 -0.0736380067756412 -0.0025
-0.04908700123990508 -0.5834210003612481 0.039894997841474183 0.6201749989610784 0.03744200739096623 1.4555309956287141 -0.0736380067756412 -0.00125
-0.04908700123990508 -0.5794410038948778 0.03989199587516075 0.6164529970647378 0.037151008644781214 1.4508130041414307 -0.0735750003896442 -0.0025
-0.04908700123990508 -0.5731439955800225 0.03988899390884732 0.6107960009865887 0.037314004943624975 1.4432100008538928 -0.07412299886818537 -0.00125
-0.049087996077578716 -0.569039993470298 0.03988700423350005 0.605524007088137 0.03697000054805689 1.4369669930260942 -0.07462200595462308 -0.00125
-0.049087996077578716 -0.5631869969171499 0.0398859919425339 0.6004069984272625 0.03681899466117434 1.4293219971167537 -0.0752270068865344 -0.00125
-0.04908700123990508 -0.5574029932293333 0.039884997104860265 0.5968960068374881 0.03676499417411764 1.423489996874507 -0.07567599283660993 -0.0025
-0.04908700123990508 -0.5481259922963303 0.03962199343987723 0.5928670015257219 0.03676499417411764 1.4157560066266073 -0.07612400140230435 -0.0025
-0.049087996077578716 -0.5406280054698851 0.039278006497601665 0.5893230057597921 0.036598001071286815 1.410080003912904 -0.07626600139024661 -0.00125
-0.04908700123990508 -0.527362997009245 0.03861699794999386 0.5833690070028313 0.036076007998600355 1.3987419960260983 -0.0773740062125827 -0.00125
-0.04908700123990508 -0.522733005022847 0.03833599994042277 0.581450000036971 0.035735005569345696 1.3939200003686885 -0.0776410066815528 -0.00125
-0.04908700123990508 -0.5154449987587093 0.03784999555691243 0.5786479960959418 0.03556900730418852 1.3869529950605775 -0.07835999506691184 -0.00125
-0.04908700123990508 -0.5034359990409745 0.037639997541312475 0.5752490022842678 0.03491599236455484 1.3774119956249178 -0.07921899376486591 -0.00125
-0.049087996077578716 -0.49219300687864753 0.0373829978089563 0.5721930005771959 0.034005000308183875 1.3686260081703783 -0.08008900549040004 -0.0025
-0.049087996077578716 -0.48394700684138264 0.03693399440558824 0.5707739955354469 0.03316699792113132 1.362112997907296 -0.08054500766406858 -0.0025
-0.04908700123990508 -0.47470400492220843 0.03622399446587695 0.5697059936595664 0.03225300389844693 1.3557809957409384 -0.0812090007246973 -0.00125
-0.04908700123990508 -0.46105699624818447 0.03552300042510595 0.5687100040686234 0.03114199710979742 1.347697992002517 -0.0818580014070514 -0.00125
-0.04908700123990508 -0.4542360051852953 0.03536899257190997 0.5681350053465539 0.030583003056968677 1.3435089923582204 -0.08212699155136878 -0.00125
-0.049087996077578716 -0.44363300780638215 0.03532600511243335 0.5678729965192446 0.03025200136432795 1.3353529989504809 -0.082436996933108 -0.0025
-0.049087996077578716 -0.4290259982305912 0.03540100191039155 0.5676439918680904 0.02984900484004246 1.3241059925308742 -0.08275400108514774 -0.00125
-0.04908700123990508 -0.42253799853569013 0.03539000633610398 0.5676119999829012 0.029667996743318128 1.3191109998380066 -0.0828140055048313 -0.00125
-0.04908700123990508 -0.4115280078285043 0.03536199380160947 0.5675880017056865 0.029620995026561923 1.3115910044096937 -0.08243600209543436 -0.00125
-0.04908700123990508 -0.3981249961839091 0.03533499355808112 0.5675800080977123 0.029488995775233593 1.3013200035610948 -0.08218299916706526 -0.0025
-0.049087996077578716 -0.38693099541368564 0.03531600437581943 0.5675770061313988 0.029379999963446545 1.2929399971438618 -0.08231299128975379 -0.0025
-0.049087996077578716 -0.379485996783331 0.03530799331455276 0.5673820004940735 0.029325004638716203 1.2878430074095077 -0.08242200455483337 -0.0025
-0.04908700123990508 -0.36928400625335606 0.03529999970657863 0.56700699905099 0.02927199898933314 1.280828005546967 -0.08254100110323434 -0.00125
-0.04908700123990508 -0.3554889936587629 0.03529300093627813 0.5665190049921324 0.029221995306263498 1.270916001472211 -0.0826569956853219 -0.00125
-0.04870299389788128 -0.3465890012974832 0.03548100780330297 0.5664999983565782 0.029193005387387876 1.2641970074508082 -0.08272300403763232 -0.00125
-0.048009993465084416 -0.33153700257560376 0.03606000332935956 0.566296004273605 0.029169007110172954 1.2537149962956433 -0.08278100132867608 -0.00125
-0.047835006754279465 -0.3267909985538257 0.036236997168804304 0.5662339927252817 0.029162008339872456 1.2502890022404411 -0.08279599370695072 -0.00125
-0.047563992028029786 -0.3175570025335918 0.03661999221986194 0.5661370047787484 0.029152007603258527 1.244129002271867 -0.08281800230881838 -0.0025
-0.047430997939027816 -0.30469200608421637 0.03742399559308565 0.5659289964384957 0.0291469985083053 1.2351320045107614 -0.08283199984941936 -0.00125
-0.04738500851323777 -0.29705200181653635 0.03770900785993632 0.5656070006447953 0.029146003670631665 1.2288170018513183 -0.08283400697805915 -0.00125
-0.04696799699505876 -0.28441799969366244 0.03829500215629342 0.5645710081073964 0.029146003670631665 1.220016999402885 -0.08283500181573278 -0.0025
-0.046449005888685724 -0.27564499748875787 0.038498996239266524 0.5636469958948055 0.029146003670631665 1.214356006520749 -0.08283500181573278 -0.00125
-0.04583100225384706 -0.268493004733228 0.038434995015595885 0.5622120036371084 0.029146003670631665 1.208030008287018 -0.08283500181573278 -0.0025
-0.045276999842679015 -0.2576310004933189 0.03854500311834909 0.5599859932558223 0.029062000973733182 1.1989349928351205 -0.08283500181573278 -0.00125
-0.04489299250065523 -0.24749999250402246 0.038471995995738174 0.5581899970956425 0.028686999530649678 1.1910110060448484 -0.08283500181573278 -0.00125
-0.044722002593837344 -0.23832299893715875 0.038518997712494375 0.5562089960347515 0.028555995116994987 1.1831149968824861 -0.08283500181573278 -0.00125
-0.04464299153859956 -0.22947899673828298 0.038755995971622687 0.5548250022977975 0.02824000325592141 1.17516999632802 -0.08284299542370692 -0.0025
-0.04458700137619558 -0.21948100029128112 0.039032002339533065 0.5533610026679321 0.02802799811168166 1.1665850009901402 -0.08342900717335654 -0.00125
-0.044596007275135865 -0.21486999748714478 0.039211003307617606 0.5527339931341532 0.027932005002821975 1.1621020006333453 -0.08354500175544408 -0.0025
-0.0390939964345639 -0.19771700631829964 0.03957600401408718 0.5512699935042878 0.027770003541651857 1.1505699994001803 -0.08373400346014255 -0.00125
-0.03645900304965799 -0.1920499920502441 0.03958099565574789 0.5508110068175983 0.02774099616948371 1.146543001217054 -0.08379599755517339 -0.0025
-0.028930001722404848 -0.17970199703189446 0.039672991960620504 0.5502249950679486 0.027696001581367296 1.1379280036693322 -0.08359900224250079 -0.0025
-0.01750399433471373 -0.16537699775664075 0.039715002035716006 0.5493980057084763 0.02766200256753845 1.1289240071379263 -0.0833180042329297 -0.0025
-0.011724004904176629 -0.15766299152867624 0.039465995911333984 0.5489460003387948 0.027648005026937452 1.1233230012221813 -0.08298600770261534 -0.0025
-0.005690000254304273 -0.1462810013447204 0.03951599959440361 0.5484969969354268 0.02763699199935737 1.115987993241287 -0.08228000456689112 -0.00125
0.0010189930304843693 -0.13174399692522698 0.03923700871347232 0.5480790080328666 0.02762500158739617 1.1073170055311619 -0.08054500766406858 -0.0025
0.002174994407250294 -0.12887600208517982 0.03913099741470619 0.5479489984568855 0.027622994458756378 1.105418994876203 -0.08021299368046171 -0.0025
0.00441999397079808 -0.1216870083495077 0.03887799448633709 0.5478079933066169 0.027618997654769308 1.1000310063956638 -0.0792070033529047 -0.00125
0.005841006141186823 -0.11680999991407487 0.03864799499750928 0.5477690026511274 0.027617007979422032 1.0957310038109402 -0.07844099579749692 -0.0025
0.007076001119898009 -0.11062799134363342 0.038502993043253594 0.5477259977383582 0.02761500085078224 1.0909240005318048 -0.07788100690699451 -0.00125
0.007850997120953572 -0.10056700596392705 0.03843300534024861 0.5471830083547703 0.02761299372214245 1.0837069942616382 -0.0775829919372165 -0.0025
0.008483993134066876 -0.09017999307994817 0.03880599965469232 0.5471470022123016 0.02761299372214245 1.0762030035025663 -0.07671999643527538 -0.00125
0.00863000737928872 -0.08820400111401026 0.038890002351590805 0.5472010026993583 0.027611998884468813 1.0749410082803268 -0.07652900505522964 -0.00125
0.008881998016691664 -0.07766299783012791 0.039299997646176796 0.5478970050984686 0.027611998884468813 1.0689449994482703 -0.07592899576497904 -0.00125
0.009284994540977153 -0.07059500777149655 0.03931399518677779 0.548551992260157 0.027611998884468813 1.0643879971311907 -0.07579099258102384 -0.0025
0.009389993548777132 -0.06405899406887308 0.03868600826861771 0.5491829985979231 0.027611998884468813 1.060076004134506 -0.0760269960024785 -0.00125
0.00952899157040596 -0.057150003505098405 0.03753299140487269 0.5498049990367488 0.0275530067557514 1.0558220084288652 -0.0757590006958348 -0.0025
0.00947699821198905 -0.05218600785974622 0.03630899200044908 0.5501080056481875 0.02727600555016738 1.0529039924524557 -0.07561499357925273 -0.0025
0.008286002983720639 -0.04644200711838524 0.03381699344115905 0.5504949975032323 0.026150006383243243 1.048374007832197 -0.07540799752996621 -0.00125
0.0070909934981726415 -0.04380299947619972 0.03235999258159418 0.5509049927978182 0.021955997643993388 1.0467799986263506 -0.07532399483306772 -0.00125
0.00615600316458676 -0.04261600105191838 0.03207700489667582 0.5510780072865684 0.01856599227796724 1.0464680035692642 -0.07529100811020502 -0.0025
0.004852992704925353 -0.04133899599811169 0.03153399805979534 0.5512880053021685 0.014679999245109347 1.0459289935363707 -0.07518599164911252 -0.00125
0.003231005871169463 -0.039814991948562764 0.03087099983684026 0.5519940084378927 0.011409007880776693 1.045031004182927 -0.07476899758422603 -0.00125
0.0009500001651530335 -0.037629996804698536 0.030046000152715063 0.5537649940298913 0.007323000115640247 1.0439639971447203 -0.07439600326978234 -0.00125
-0.00038899898368449615 -0.036335992243977426 0.029772000913444476 0.5548580064739528 0.005207992674780999 1.042618994063256 -0.0740929966583436 -0.0025
-0.0016720079701180476 -0.034832007120948874 0.0297329928046624 0.5562720024207485 0.0030550068693983544 1.0409260072355289 -0.07389699618334464 -0.00125
-0.002177996373563724 -0.03367700058185659 0.02900299139172325 0.5567969974597483 0.0021269978528204495 1.0401739972207222 -0.07381400577741232 -0.00125
-0.0027569918996203225 -0.03308299522423283 0.028419999061679583 0.5567799979528338 0.0020790012983906057 1.0394620076056635 -0.0737530065200551 -0.00125
-0.0029310012260441573 -0.03185299188718235 0.026127002943701953 0.5569529949882916 0.0019360064727747099 1.0388019938957294 -0.07371600553991282 -0.0025
-0.002907997786502872 -0.02918799629243465 0.021620004309691954 0.5575390067379412 0.001791004518519021 1.0381319969024738 -0.07368399620143125 -0.0025
-0.002944003928971515 -0.027044993770373414 0.01918799271679298 0.5579609924444884 0.001707001821620534 1.037674005053458 -0.07366600185684317 -0.0025
-0.002994007612041153 -0.023872002643540238 0.01612300256407322 0.5578430081870537 0.0016329998613359743 1.036934002903905 -0.07365099202527603 -0.0025
-0.0030210078555695046 -0.02106200509453685 0.015067008553446568 0.5579920069452963 0.0015959988811936946 1.0366600036646343 -0.07364399325497555 -0.00125
-0.003036000233844136 -0.019413000563960087 0.014557005892721304 0.5581049995610704 0.0015759974079658397 1.0362249978018672 -0.07363999645098847 -0.0025
-0.0030420041664709968 -0.018439002121592135 0.014117008388293537 0.5581480044738395 0.0015680037999917056 1.0361330014969945 -0.0736380067756412 -0.0025
-0.0030509926121187673 -0.016346998120274167 0.013790003499639875 0.5582239961094715 0.0015559959347379846 1.0350799919993887 -0.0736359996470014 -0.00125
-0.0030579913824192646 -0.013673991464259815 0.013513002294055857 0.558280003725168 0.0015480023267638505 1.0326090072042928 -0.0736339925183616 -0.0025
-0.003060993348732695 -0.009918008007382977 0.013713994410715524 0.5583100059350098 0.0015429932318106268 1.0300810025025342 -0.07363299768068797 -0.00125
-0.003063000477372488 -0.0069379979359428185 0.013756004485811029 0.5583280002795978 0.0015400087187897166 1.0279489955547607 -0.07363200284301433 -0.00125
-0.003212994073288881 -0.0032450034117704574 0.013777995634386158 0.5583419978201987 0.001538001590149923 1.0260920001372236 -0.07372399914788695 -0.00125
-0.0029310012260441573 0.0011699989173669188 0.013789008661966239 0.558351003719139 0.0015370067524762864 1.0241889978406042 -0.07336699204939151 -0.0025
-0.00265000321647307 0.0033249918513893572 0.013794000303626942 0.5583559953607997 0.0015359944615101295 1.0233520077445175 -0.07309299281012092 -0.0025
-0.0020869949063647393 0.005454991670523237 0.01379799710761401 0.5583019948737431 0.0015349996238364929 1.0226830055889355 -0.07277600611137372 -0.00125
-0.0018040072214463789 0.007404000846225304 0.013800999073927442 0.5587910012235668 0.0015349996238364929 1.021879002215712 -0.07255600735915983 -0.0025
-0.001595004043520058 0.009301994047891579 0.013803006202567235 0.559325002161507 0.001534004786162856 1.0211140069512703 -0.07188499807493809 -0.0025
-0.0015610050296912083 0.010437993951429646 0.013804001040240871 0.5594900055889905 0.001534004786162856 1.0207639986230754 -0.07163400227520879 -0.0025
