1739507378.4895017 1739507378.472276
1739507378.5227566 1739507378.5055099
1739507378.556169 1739507378.5389435
1739507378.58943 1739507378.5723855
1739507378.622842 1739507378.6056101
1739507378.656125 1739507378.6389544
1739507378.6895354 1739507378.6723661
1739507378.7228596 1739507378.7056692
1739507378.75619 1739507378.7390082
1739507378.7895231 1739507378.7725177
1739507378.82288 1739507378.8057365
1739507378.856226 1739507378.839049
1739507378.8896325 1739507378.8723707
1739507378.9229097 1739507378.9057157
1739507378.9564123 1739507378.9390998
1739507378.9898071 1739507378.9724257
1739507379.0229864 1739507379.005811
1739507379.056372 1739507379.039171
1739507379.0897787 1739507379.0726101
1739507379.123053 1739507379.1058717
1739507379.15642 1739507379.1392264
1739507379.1897829 1739507379.1726005
1739507379.223185 1739507379.2060044
1739507379.2565882 1739507379.239359
1739507379.2898679 1739507379.2726498
1739507379.3231657 1739507379.3059359
1739507379.3565254 1739507379.3394096
1739507379.389874 1739507379.3726852
1739507379.4232228 1739507379.4059792
1739507379.4566076 1739507379.4393368
1739507379.4899561 1739507379.4727893
1739507379.5231678 1739507379.5060577
1739507379.5565226 1739507379.5393887
1739507379.5898411 1739507379.5727773
1739507379.6231945 1739507379.606083
1739507379.6565623 1739507379.6394348
1739507379.689917 1739507379.6727996
1739507379.7232742 1739507379.7061276
1739507379.7566354 1739507379.7395353
1739507379.7900085 1739507379.7728503
1739507379.8233087 1739507379.8062391
1739507379.8566217 1739507379.8395195
1739507379.8899615 1739507379.8728588
1739507379.9233124 1739507379.9062855
1739507379.9566972 1739507379.9394948
1739507379.9901164 1739507379.972839
1739507380.023419 1739507380.0062518
1739507380.0569468 1739507380.0397034
1739507380.0901814 1739507380.0730855
1739507380.1235101 1739507380.106534
1739507380.1568105 1739507380.139608
1739507380.1900868 1739507380.1729255
1739507380.2234774 1739507380.2063594
1739507380.2569852 1739507380.2396178
1739507380.29037 1739507380.272989
1739507380.3235707 1739507380.3063316
1739507380.356922 1739507380.3397913
1739507380.3902504 1739507380.3731275
1739507380.423681 1739507380.406468
1739507380.4569788 1739507380.439824
1739507380.490488 1739507380.4731686
1739507380.5237079 1739507380.5065897
1739507380.556989 1739507380.5398433
1739507380.5904052 1739507380.5732486
1739507380.6237166 1739507380.6064582
1739507380.6570911 1739507380.6398933
1739507380.690376 1739507380.6732566
1739507380.7237456 1739507380.7065368
1739507380.757136 1739507380.7400758
1739507380.7904353 1739507380.7731898
1739507380.8237598 1739507380.8066068
1739507380.857177 1739507380.8400054
1739507380.8905282 1739507380.873323
1739507380.9239197 1739507380.9066463
1739507380.9571493 1739507380.9401076
1739507380.9906611 1739507380.9733794
1739507381.0238683 1739507381.0067623
1739507381.0572016 1739507381.0400488
1739507381.0905972 1739507381.073395
1739507381.1238868 1739507381.1067102
1739507381.157492 1739507381.1401327
1739507381.190553 1739507381.173384
1739507381.223924 1739507381.20677
1739507381.257277 1739507381.240191
1739507381.2906594 1739507381.2735188
1739507381.324021 1739507381.3070471
1739507381.3574147 1739507381.340183
1739507381.3907397 1739507381.3736076
1739507381.4240606 1739507381.4070168
1739507381.4573696 1739507381.440231
1739507381.4907074 1739507381.473727
1739507381.5242069 1739507381.5069253
1739507381.5575602 1739507381.5404706
1739507381.5908456 1739507381.5738153
1739507381.624175 1739507381.6070225
1739507381.6574829 1739507381.6403482
1739507381.6908908 1739507381.6738644
1739507381.724203 1739507381.707101
1739507381.7576232 1739507381.7404191
1739507381.7908573 1739507381.773764
1739507381.8242855 1739507381.8072484
1739507381.8575392 1739507381.8405538
1739507381.8910558 1739507381.8738823
1739507381.9243 1739507381.9072468
1739507381.957649 1739507381.9404976
1739507381.9910018 1739507381.973807
1739507382.0243278 1739507382.0071378
1739507382.057751 1739507382.0405402
1739507382.091018 1739507382.073877
1739507382.1242602 1739507382.1071334
1739507382.1576288 1739507382.1405556
1739507382.1909955 1739507382.1739037
1739507382.224337 1739507382.2073827
1739507382.2576447 1739507382.2405918
1739507382.2910795 1739507382.2739708
1739507382.3243687 1739507382.307305
1739507382.3577511 1739507382.3406978
1739507382.391268 1739507382.374005
1739507382.4245725 1739507382.4075673
1739507382.4578066 1739507382.4408505
1739507382.4911516 1739507382.474241
1739507382.5245323 1739507382.507383
1739507382.5580482 1739507382.5408208
1739507382.59119 1739507382.5742233
1739507382.6245954 1739507382.6075485
1739507382.658039 1739507382.6406796
1739507382.6913261 1739507382.6742382
1739507382.724635 1739507382.7075095
1739507382.7579513 1739507382.7408395
1739507382.7912889 1739507382.7741468
1739507382.8247685 1739507382.8074737
1739507382.8581507 1739507382.8409123
1739507382.8913121 1739507382.874256
1739507382.9246485 1739507382.90751
1739507382.9581234 1739507382.9409266
1739507382.9913292 1739507382.974273
1739507383.0246327 1739507383.0075912
1739507383.057994 1739507383.040905
1739507383.0913327 1739507383.0743377
1739507383.124747 1739507383.1075492
1739507383.1580527 1739507383.1409955
1739507383.191514 1739507383.1742392
1739507383.2248292 1739507383.207737
1739507383.2582026 1739507383.2410955
1739507383.2915592 1739507383.2744024
1739507383.324904 1739507383.3076928
1739507383.3582785 1739507383.3410847
1739507383.3915703 1739507383.3745089
1739507383.424928 1739507383.4078393
1739507383.4582627 1739507383.4411056
1739507383.4915771 1739507383.4743907
1739507383.5249362 1739507383.5078
1739507383.5583918 1739507383.5411346
1739507383.591782 1739507383.5745351
1739507383.6249986 1739507383.607948
1739507383.658322 1739507383.6413283
1739507383.6916149 1739507383.6745903
1739507383.7249532 1739507383.7078838
1739507383.7583523 1739507383.741173
1739507383.7916467 1739507383.7745125
1739507383.8251095 1739507383.8079045
1739507383.8583286 1739507383.841248
1739507383.8916776 1739507383.874558
1739507383.9250753 1739507383.9079242
1739507383.9585056 1739507383.9413085
1739507383.99181 1739507383.974693
1739507384.025258 1739507384.0080683
1739507384.0585556 1739507384.0413587
1739507384.0920606 1739507384.0747433
1739507384.1252363 1739507384.1080637
1739507384.1586428 1739507384.1415882
1739507384.1918848 1739507384.1749103
1739507384.225275 1739507384.2082803
1739507384.2585838 1739507384.2414064
1739507384.2919385 1739507384.2748098
1739507384.3252373 1739507384.308113
1739507384.358609 1739507384.3415842
1739507384.3920832 1739507384.3748603
1739507384.4252975 1739507384.4082358
1739507384.4586465 1739507384.4414597
1739507384.4920218 1739507384.4749691
1739507384.5253887 1739507384.5082726
1739507384.5587254 1739507384.5415413
1739507384.5921369 1739507384.5748541
1739507384.6254892 1739507384.6082401
1739507384.658703 1739507384.6416686
1739507384.6921058 1739507384.6750097
1739507384.7255192 1739507384.7083576
1739507384.7588134 1739507384.7416553
1739507384.7921698 1739507384.7749481
1739507384.8255148 1739507384.8083038
1739507384.8588645 1739507384.8417108
1739507384.8923888 1739507384.8752906
1739507384.9255078 1739507384.9084141
1739507384.9590175 1739507384.941727
1739507384.9922826 1739507384.9750772
1739507385.0255702 1739507385.008495
1739507385.0589266 1739507385.0417876
1739507385.0922904 1739507385.0751054
1739507385.125667 1739507385.1084664
1739507385.1591067 1739507385.141856
1739507385.1925373 1739507385.1753383
1739507385.2257957 1739507385.2086554
1739507385.2590652 1739507385.2419746
1739507385.2924528 1739507385.2753417
1739507385.3258836 1739507385.3086197
1739507385.3590896 1739507385.3420577
1739507385.3925111 1739507385.3753388
1739507385.4258974 1739507385.4087293
1739507385.4593024 1739507385.4420307
1739507385.4926147 1739507385.4754255
1739507385.5258703 1739507385.5086648
1739507385.5591946 1739507385.5420904
1739507385.5925553 1739507385.5753388
1739507385.6258771 1739507385.6087344
1739507385.659221 1739507385.642092
1739507385.6926258 1739507385.6755166
1739507385.7259727 1739507385.7088807
1739507385.7592845 1739507385.7421415
1739507385.7925916 1739507385.7753963
1739507385.8259974 1739507385.8088028
1739507385.8593879 1739507385.8423107
1739507385.8926244 1739507385.8754766
1739507385.925946 1739507385.9087756
1739507385.9593546 1739507385.9421487
1739507385.992917 1739507385.9756024
1739507386.0261767 1739507386.0089118
1739507386.0593917 1739507386.0422225
1739507386.0927403 1739507386.0755486
1739507386.1261356 1739507386.1088798
1739507386.1594455 1739507386.1422474
1739507386.1928456 1739507386.1756322
1739507386.226186 1739507386.2089236
1739507386.2595184 1739507386.2423027
1739507386.2928107 1739507386.2756293
1739507386.326169 1739507386.3089638
1739507386.3595817 1739507386.3424232
1739507386.3928108 1739507386.3757827
1739507386.4263356 1739507386.4090357
1739507386.4596126 1739507386.4423504
1739507386.4929514 1739507386.4756804
1739507386.526308 1739507386.5090225
1739507386.5597472 1739507386.542468
1739507386.5930488 1739507386.575797
1739507386.6263251 1739507386.6091878
1739507386.659701 1739507386.6425362
1739507386.6930103 1739507386.6758502
1739507386.7264307 1739507386.709227
1739507386.7597408 1739507386.7425978
1739507386.7930791 1739507386.7758515
1739507386.8264685 1739507386.8092155
1739507386.8598282 1739507386.8424869
1739507386.893099 1739507386.8758707
1739507386.926422 1739507386.909236
1739507386.9598172 1739507386.9425619
1739507386.9932442 1739507386.976046
1739507387.0265675 1739507387.0092626
1739507387.0598488 1739507387.0425906
1739507387.0932038 1739507387.076034
1739507387.1266444 1739507387.1093502
1739507387.1598837 1739507387.142757
1739507387.1932247 1739507387.1760826
1739507387.2265787 1739507387.2094357
1739507387.2599177 1739507387.2426744
1739507387.2932937 1739507387.2760487
1739507387.3266292 1739507387.3095438
1739507387.3599772 1739507387.3427505
1739507387.3933444 1739507387.376129
1739507387.4267092 1739507387.4095542
1739507387.4599807 1739507387.442789
1739507387.4933836 1739507387.476162
1739507387.5268552 1739507387.5095637
1739507387.5602152 1739507387.5428789
1739507387.5933993 1739507387.5762184
1739507387.6266935 1739507387.609596
1739507387.6600814 1739507387.6428556
1739507387.6934345 1739507387.6762133
1739507387.7267616 1739507387.7095673
1739507387.7601726 1739507387.7429261
1739507387.7934847 1739507387.7763755
1739507387.8268661 1739507387.8098605
1739507387.8602703 1739507387.8430865
1739507387.893551 1739507387.8764515
1739507387.9268758 1739507387.9097428
1739507387.9604306 1739507387.9430816
1739507387.993654 1739507387.9763374
1739507388.0270603 1739507388.0097747
1739507388.0602539 1739507388.0430822
1739507388.0936284 1739507388.0764723
1739507388.1269999 1739507388.1098435
1739507388.1603246 1739507388.143143
1739507388.1936624 1739507388.1764638
1739507388.2270901 1739507388.209875
1739507388.2603023 1739507388.2431386
1739507388.293829 1739507388.2765312
1739507388.327034 1739507388.309912
1739507388.3604453 1739507388.343312
1739507388.3937201 1739507388.3766065
1739507388.4270966 1739507388.4099798
1739507388.4606059 1739507388.4432933
1739507388.4938402 1739507388.4766285
1739507388.5272827 1739507388.5100296
1739507388.5604997 1739507388.5433729
1739507388.5938962 1739507388.5767422
1739507388.6272464 1739507388.6100795
1739507388.6605003 1739507388.643566
1739507388.6940145 1739507388.6768737
1739507388.7271805 1739507388.710157
1739507388.7606306 1739507388.7435508
1739507388.7940557 1739507388.7766945
1739507388.8274949 1739507388.8103526
1739507388.8607538 1739507388.8436494
1739507388.8940773 1739507388.8769238
1739507388.9274254 1739507388.9103184
1739507388.9608018 1739507388.9436507
1739507388.994168 1739507388.976886
1739507389.0274699 1739507389.0102332
1739507389.0608535 1739507389.0435324
1739507389.0943115 1739507389.0770128
1739507389.1275637 1739507389.110282
1739507389.1608517 1739507389.143686
1739507389.1940506 1739507389.1769068
1739507389.2274804 1739507389.210436
1739507389.2608461 1739507389.2437086
1739507389.2942467 1739507389.2770164
1739507389.3274872 1739507389.3104544
1739507389.3609946 1739507389.3438036
1739507389.3942657 1739507389.3770404
1739507389.4275486 1739507389.4105022
1739507389.4609172 1739507389.443827
1739507389.4942102 1739507389.4771464
1739507389.527641 1739507389.510398
1739507389.5610476 1739507389.54371
1739507389.594294 1739507389.577226
1739507389.6277099 1739507389.6104584
1739507389.6610556 1739507389.6438212
1739507389.6943445 1739507389.6772811
1739507389.7278104 1739507389.7105348
1739507389.761113 1739507389.743861
1739507389.7944903 1739507389.7772348
1739507389.8278804 1739507389.8105826
1739507389.8611279 1739507389.843852
1739507389.8944602 1739507389.8773458
